-0.19504 err 0.00008   13,31 -> 12,26
-0.19504 err 0.00008   8,31 -> 11,26
-0.19493 err 0.00008   7,31 -> 6,26
-0.19484 err 0.00008   2,31 -> 1,26
0.17351 err 0.00009   13,31 -> 11,12
0.17349 err 0.00009   2,31 -> 12,12
0.17342 err 0.00009   8,31 -> 6,12
0.17339 err 0.00009   7,31 -> 1,12
0.16593 err 0.00009   8,31 -> 11,17
0.16593 err 0.00009   2,31 -> 1,17
0.16588 err 0.00009   7,31 -> 6,17
0.16578 err 0.00009   13,31 -> 12,17
-0.13027 err 0.00008   2,31 -> 12,14
-0.13024 err 0.00008   8,31 -> 6,14
-0.13022 err 0.00008   13,31 -> 11,14
-0.13019 err 0.00008   7,31 -> 1,14
0.12600 err 0.00009   13,30 -> 11,11
0.12596 err 0.00009   2,30 -> 12,11
0.12593 err 0.00009   7,30 -> 1,11
0.12588 err 0.00009   8,30 -> 6,11
0.12183 err 0.00009   8,2 -> 6,15
0.12181 err 0.00009   7,2 -> 1,15
0.12177 err 0.00009   13,2 -> 11,15
0.12166 err 0.00009   2,2 -> 12,15
0.11297 err 0.00009   2,30 -> 1,16
0.11285 err 0.00009   8,30 -> 11,16
0.11282 err 0.00009   7,30 -> 6,16
0.11279 err 0.00009   13,30 -> 12,16
0.11000 err 0.00009   7,31 -> 1,24
0.10998 err 0.00009   2,31 -> 12,24
0.10997 err 0.00009   13,31 -> 11,24
0.10987 err 0.00009   8,31 -> 6,24
0.10937 err 0.00009   2,31 -> 12,5
0.10931 err 0.00009   13,31 -> 11,5
0.10926 err 0.00009   8,31 -> 6,5
0.10920 err 0.00009   7,31 -> 1,5
0.10559 err 0.00009   8,12 -> 6,25
0.10554 err 0.00009   13,12 -> 11,25
0.10550 err 0.00009   7,12 -> 1,25
0.10548 err 0.00009   8,27 -> 6,8
0.10546 err 0.00009   2,27 -> 12,8
0.10544 err 0.00009   2,12 -> 12,25
0.10539 err 0.00009   7,27 -> 1,8
0.10537 err 0.00009   13,27 -> 11,8
0.10510 err 0.00009   7,3 -> 1,16
0.10508 err 0.00009   8,3 -> 6,16
0.10507 err 0.00009   13,3 -> 11,16
0.10497 err 0.00009   2,3 -> 12,16
0.10389 err 0.00009   2,1 -> 12,14
0.10386 err 0.00009   7,1 -> 1,14
0.10385 err 0.00009   8,29 -> 6,10
0.10384 err 0.00009   8,1 -> 6,14
0.10382 err 0.00009   7,29 -> 1,10
0.10381 err 0.00009   2,29 -> 12,10
0.10377 err 0.00009   13,1 -> 11,14
0.10370 err 0.00009   13,29 -> 11,10
0.10368 err 0.00009   2,0 -> 12,13
0.10366 err 0.00009   8,0 -> 6,13
0.10361 err 0.00009   13,0 -> 11,13
0.10352 err 0.00009   7,0 -> 1,13
0.10311 err 0.00009   2,26 -> 12,7
0.10311 err 0.00009   13,26 -> 11,7
0.10310 err 0.00009   7,26 -> 1,7
0.10307 err 0.00009   8,26 -> 6,7
0.10099 err 0.00009   8,13 -> 6,26
0.10099 err 0.00009   13,13 -> 11,26
0.10094 err 0.00009   2,13 -> 12,26
0.10087 err 0.00009   7,13 -> 1,26
-0.09835 err 0.00008   2,18 -> 12,1
-0.09831 err 0.00008   7,18 -> 1,1
-0.09827 err 0.00008   13,18 -> 11,1
-0.09816 err 0.00008   8,18 -> 6,1
0.09787 err 0.00009   7,11 -> 1,24
0.09781 err 0.00009   8,11 -> 6,24
0.09774 err 0.00009   13,11 -> 11,24
0.09767 err 0.00009   2,11 -> 12,24
-0.09553 err 0.00008   8,12 -> 11,7
-0.09551 err 0.00008   13,12 -> 12,7
-0.09545 err 0.00008   7,12 -> 6,7
-0.09543 err 0.00008   2,12 -> 1,7
0.09465 err 0.00009   2,29 -> 12,3
0.09462 err 0.00009   8,29 -> 6,3
0.09459 err 0.00009   13,29 -> 11,3
0.09453 err 0.00009   7,29 -> 1,3
0.09364 err 0.00009   8,2 -> 6,8
0.09362 err 0.00009   2,2 -> 12,8
0.09358 err 0.00009   7,2 -> 1,8
0.09350 err 0.00009   8,30 -> 6,4
0.09348 err 0.00009   13,30 -> 11,4
0.09347 err 0.00009   13,2 -> 11,8
0.09346 err 0.00009   7,30 -> 1,4
0.09335 err 0.00009   2,30 -> 12,4
0.09282 err 0.00009   2,1 -> 12,7
0.09281 err 0.00009   8,1 -> 6,7
0.09276 err 0.00009   7,1 -> 1,7
0.09273 err 0.00009   13,1 -> 11,7
-0.09254 err 0.00008   8,0 -> 6,15
-0.09249 err 0.00008   2,0 -> 12,15
0.09248 err 0.00009   13,28 -> 11,9
-0.09247 err 0.00008   13,0 -> 11,15
0.09247 err 0.00009   7,28 -> 1,9
0.09247 err 0.00009   2,28 -> 12,9
-0.09244 err 0.00008   7,0 -> 1,15
0.09240 err 0.00009   8,28 -> 6,9
0.08848 err 0.00009   8,21 -> 11,7
0.08844 err 0.00009   2,17 -> 12,30
0.08843 err 0.00009   7,17 -> 1,30
0.08840 err 0.00009   13,21 -> 12,7
0.08839 err 0.00009   7,21 -> 6,7
0.08834 err 0.00009   13,17 -> 11,30
0.08834 err 0.00009   2,21 -> 1,7
0.08831 err 0.00009   8,17 -> 6,30
0.08813 err 0.00009   8,4 -> 6,17
0.08812 err 0.00009   7,4 -> 1,17
0.08806 err 0.00009   13,4 -> 11,17
0.08804 err 0.00009   2,4 -> 12,17
0.08761 err 0.00009   2,16 -> 12,29
0.08757 err 0.00009   8,16 -> 6,29
0.08749 err 0.00009   7,16 -> 1,29
0.08742 err 0.00009   8,20 -> 6,1
0.08741 err 0.00009   2,20 -> 12,1
0.08739 err 0.00009   13,16 -> 11,29
0.08738 err 0.00009   13,20 -> 11,1
0.08732 err 0.00009   7,20 -> 1,1
0.08531 err 0.00009   13,21 -> 11,2
0.08527 err 0.00009   2,21 -> 12,2
0.08521 err 0.00009   8,21 -> 6,2
0.08520 err 0.00009   7,21 -> 1,2
0.08459 err 0.00009   13,10 -> 11,23
0.08459 err 0.00009   2,10 -> 12,23
0.08454 err 0.00009   8,10 -> 6,23
0.08452 err 0.00009   7,10 -> 1,23
0.08442 err 0.00009   2,15 -> 12,28
0.08429 err 0.00009   7,15 -> 1,28
0.08423 err 0.00009   13,15 -> 11,28
0.08420 err 0.00009   8,15 -> 6,28
-0.08317 err 0.00008   13,31 -> 12,16
-0.08311 err 0.00008   2,31 -> 1,16
-0.08303 err 0.00008   8,31 -> 11,16
-0.08303 err 0.00008   7,31 -> 6,16
0.08201 err 0.00009   8,18 -> 6,31
0.08190 err 0.00009   2,18 -> 12,31
0.08189 err 0.00009   7,18 -> 1,31
0.08182 err 0.00009   13,18 -> 11,31
0.08077 err 0.00009   2,20 -> 12,26
0.08074 err 0.00009   7,20 -> 1,26
0.08067 err 0.00009   8,20 -> 6,26
0.08065 err 0.00009   13,20 -> 11,26
-0.08007 err 0.00008   7,30 -> 6,25
-0.08006 err 0.00008   13,30 -> 12,25
-0.08002 err 0.00008   8,30 -> 11,25
-0.07992 err 0.00008   2,30 -> 1,25
0.07958 err 0.00009   2,5 -> 12,11
0.07956 err 0.00009   8,5 -> 6,11
0.07951 err 0.00009   7,5 -> 1,11
0.07944 err 0.00009   13,5 -> 11,11
0.07897 err 0.00009   13,28 -> 11,2
0.07887 err 0.00009   7,28 -> 1,2
0.07886 err 0.00009   8,28 -> 6,2
0.07880 err 0.00009   2,28 -> 12,2
0.07850 err 0.00009   2,17 -> 1,3
0.07846 err 0.00009   2,22 -> 12,3
0.07844 err 0.00009   13,17 -> 12,3
0.07844 err 0.00009   13,22 -> 11,3
0.07842 err 0.00009   8,22 -> 6,3
0.07840 err 0.00009   8,17 -> 11,3
0.07838 err 0.00009   7,17 -> 6,3
0.07838 err 0.00009   7,22 -> 1,3
0.07836 err 0.00009   2,14 -> 12,27
0.07829 err 0.00009   13,14 -> 11,27
0.07827 err 0.00009   7,14 -> 1,27
0.07826 err 0.00009   8,14 -> 6,27
-0.07788 err 0.00008   7,13 -> 6,8
-0.07787 err 0.00008   2,13 -> 1,8
-0.07786 err 0.00008   13,13 -> 12,8
-0.07783 err 0.00008   8,13 -> 11,8
0.07690 err 0.00009   13,22 -> 12,8
0.07689 err 0.00009   8,22 -> 11,8
0.07685 err 0.00009   2,22 -> 1,8
0.07675 err 0.00009   7,22 -> 6,8
0.07607 err 0.00009   13,18 -> 12,4
0.07603 err 0.00009   7,18 -> 6,4
0.07601 err 0.00009   8,18 -> 11,4
0.07593 err 0.00009   2,18 -> 1,4
0.07572 err 0.00009   2,6 -> 12,12
-0.07572 err 0.00008   13,31 -> 11,11
0.07572 err 0.00009   13,6 -> 11,12
0.07566 err 0.00009   8,6 -> 6,12
-0.07565 err 0.00008   2,31 -> 12,11
0.07565 err 0.00009   7,6 -> 1,12
-0.07564 err 0.00008   7,31 -> 1,11
-0.07560 err 0.00008   8,31 -> 6,11
0.07560 err 0.00009   8,5 -> 6,18
0.07556 err 0.00009   7,5 -> 1,18
0.07553 err 0.00009   2,5 -> 12,18
0.07550 err 0.00009   13,5 -> 11,18
0.07521 err 0.00009   13,21 -> 11,27
-0.07513 err 0.00008   2,25 -> 12,8
0.07513 err 0.00009   2,21 -> 12,27
-0.07512 err 0.00008   13,25 -> 11,8
0.07512 err 0.00009   8,21 -> 6,27
-0.07506 err 0.00008   7,25 -> 1,8
-0.07501 err 0.00008   8,25 -> 6,8
0.07501 err 0.00009   7,21 -> 1,27
-0.07444 err 0.00008   2,24 -> 12,7
-0.07437 err 0.00008   7,24 -> 1,7
0.07429 err 0.00009   8,29 -> 11,15
-0.07429 err 0.00008   8,24 -> 6,7
0.07428 err 0.00009   7,29 -> 6,15
-0.07427 err 0.00008   13,24 -> 11,7
0.07424 err 0.00009   2,29 -> 1,15
0.07422 err 0.00009   13,29 -> 12,15
0.07381 err 0.00009   13,27 -> 11,1
0.07380 err 0.00009   2,9 -> 12,15
0.07379 err 0.00009   8,27 -> 6,1
0.07379 err 0.00009   2,27 -> 12,1
0.07378 err 0.00009   7,27 -> 1,1
0.07376 err 0.00009   7,9 -> 1,15
0.07375 err 0.00009   8,9 -> 6,15
0.07371 err 0.00009   13,9 -> 11,15
0.07322 err 0.00009   8,4 -> 6,10
0.07321 err 0.00009   7,4 -> 1,10
0.07315 err 0.00009   13,4 -> 11,10
0.07313 err 0.00009   2,4 -> 12,10
0.07253 err 0.00009   7,6 -> 1,19
0.07239 err 0.00009   8,6 -> 6,19
0.07238 err 0.00009   13,23 -> 11,4
0.07237 err 0.00009   13,6 -> 11,19
0.07237 err 0.00009   2,6 -> 12,19
0.07233 err 0.00009   7,23 -> 1,4
0.07230 err 0.00009   8,23 -> 6,4
0.07227 err 0.00009   2,23 -> 12,4
0.07199 err 0.00009   7,13 -> 1,19
0.07193 err 0.00009   13,13 -> 11,19
0.07192 err 0.00009   8,13 -> 6,19
0.07188 err 0.00009   2,13 -> 12,19
0.07184 err 0.00009   2,9 -> 12,22
0.07180 err 0.00009   8,9 -> 6,22
0.07179 err 0.00009   13,9 -> 11,22
0.07174 err 0.00009   7,9 -> 1,22
0.07105 err 0.00009   8,10 -> 6,16
0.07099 err 0.00009   2,10 -> 12,16
0.07097 err 0.00009   13,10 -> 11,16
0.07094 err 0.00009   7,10 -> 1,16
0.07002 err 0.00009   8,3 -> 6,9
0.06998 err 0.00009   2,3 -> 12,9
0.06994 err 0.00009   7,3 -> 1,9
0.06989 err 0.00009   13,3 -> 11,9
0.06942 err 0.00009   13,8 -> 11,21
0.06929 err 0.00009   8,24 -> 6,5
0.06929 err 0.00009   7,24 -> 1,5
0.06927 err 0.00009   2,24 -> 12,5
0.06927 err 0.00009   2,8 -> 12,21
0.06926 err 0.00009   13,24 -> 11,5
0.06925 err 0.00009   7,8 -> 1,21
0.06924 err 0.00009   8,8 -> 6,21
0.06910 err 0.00009   13,25 -> 11,6
0.06909 err 0.00009   2,25 -> 12,6
0.06904 err 0.00009   7,25 -> 1,6
0.06901 err 0.00009   8,25 -> 6,6
0.06845 err 0.00009   8,7 -> 6,20
0.06842 err 0.00009   13,7 -> 11,20
0.06838 err 0.00009   7,7 -> 1,20
0.06835 err 0.00009   2,7 -> 12,20
0.06826 err 0.00009   13,19 -> 11,0
0.06819 err 0.00009   2,19 -> 12,0
0.06819 err 0.00009   2,12 -> 12,18
0.06815 err 0.00009   7,12 -> 1,18
0.06812 err 0.00009   8,19 -> 6,0
0.06812 err 0.00009   7,19 -> 1,0
0.06810 err 0.00009   8,12 -> 6,18
0.06806 err 0.00009   13,12 -> 11,18
0.06759 err 0.00009   7,0 -> 6,18
0.06754 err 0.00009   2,0 -> 1,18
0.06753 err 0.00009   8,0 -> 11,18
0.06744 err 0.00009   13,0 -> 12,18
0.06699 err 0.00009   7,30 -> 1,23
0.06691 err 0.00009   13,30 -> 11,23
0.06687 err 0.00009   2,30 -> 12,23
0.06687 err 0.00009   8,30 -> 6,23
0.06619 err 0.00009   2,8 -> 1,26
0.06616 err 0.00009   7,8 -> 6,26
0.06614 err 0.00009   13,8 -> 12,26
0.06613 err 0.00009   8,8 -> 11,26
0.06579 err 0.00009   7,11 -> 1,17
0.06574 err 0.00009   2,11 -> 12,17
0.06574 err 0.00009   7,22 -> 1,28
0.06574 err 0.00009   13,22 -> 11,28
0.06571 err 0.00009   8,11 -> 6,17
0.06568 err 0.00009   8,22 -> 6,28
0.06563 err 0.00009   13,11 -> 11,17
0.06556 err 0.00009   2,22 -> 12,28
0.06400 err 0.00009   13,16 -> 12,2
0.06398 err 0.00009   8,16 -> 11,2
0.06396 err 0.00009   7,16 -> 6,2
-0.06393 err 0.00008   8,31 -> 7,14
0.06393 err 0.00009   2,16 -> 1,2
-0.06383 err 0.00008   7,31 -> 2,14
-0.06382 err 0.00008   13,31 -> 8,14
-0.06377 err 0.00008   2,31 -> 13,14
0.06278 err 0.00009   13,17 -> 11,23
0.06275 err 0.00009   7,17 -> 1,23
0.06271 err 0.00009   8,17 -> 6,23
0.06268 err 0.00009   2,17 -> 12,23
0.06189 err 0.00009   8,16 -> 6,22
0.06184 err 0.00009   7,16 -> 1,22
0.06182 err 0.00009   13,16 -> 11,22
0.06165 err 0.00009   2,16 -> 12,22
-0.06136 err 0.00008   7,31 -> 1,1
-0.06135 err 0.00008   8,31 -> 6,1
-0.06129 err 0.00008   2,31 -> 12,1
-0.06129 err 0.00008   13,31 -> 11,1
0.06112 err 0.00009   2,18 -> 12,24
0.06112 err 0.00009   13,18 -> 11,24
0.06107 err 0.00009   2,15 -> 12,21
0.06104 err 0.00009   8,15 -> 6,21
0.06104 err 0.00009   7,18 -> 1,24
0.06101 err 0.00009   8,18 -> 6,24
0.06100 err 0.00009   13,15 -> 11,21
0.06091 err 0.00009   7,15 -> 1,21
0.06043 err 0.00009   8,28 -> 11,14
0.06040 err 0.00009   2,28 -> 1,14
0.06039 err 0.00009   7,28 -> 6,14
0.06033 err 0.00009   13,28 -> 12,14
-0.06026 err 0.00008   2,27 -> 13,10
-0.06018 err 0.00008   7,27 -> 2,10
-0.06013 err 0.00008   8,27 -> 7,10
-0.06009 err 0.00008   13,27 -> 8,10
0.05999 err 0.00009   8,14 -> 6,20
0.05995 err 0.00009   2,14 -> 12,20
0.05994 err 0.00009   7,14 -> 1,20
0.05993 err 0.00009   13,14 -> 11,20
0.05910 err 0.00009   7,19 -> 1,25
0.05905 err 0.00009   13,19 -> 11,25
0.05905 err 0.00009   13,27 -> 12,13
0.05905 err 0.00009   8,8 -> 6,14
0.05905 err 0.00009   2,27 -> 1,13
0.05902 err 0.00009   8,19 -> 6,25
0.05902 err 0.00009   2,19 -> 12,25
0.05902 err 0.00009   13,23 -> 12,9
0.05900 err 0.00009   7,27 -> 6,13
0.05899 err 0.00009   8,27 -> 11,13
0.05897 err 0.00009   13,8 -> 11,14
0.05897 err 0.00009   7,8 -> 1,14
0.05897 err 0.00009   2,23 -> 1,9
0.05893 err 0.00009   2,8 -> 12,14
0.05888 err 0.00009   8,23 -> 11,9
0.05887 err 0.00009   7,23 -> 6,9
-0.05863 err 0.00008   7,17 -> 1,0
-0.05857 err 0.00008   13,17 -> 11,0
-0.05853 err 0.00008   8,17 -> 6,0
-0.05851 err 0.00008   2,17 -> 12,0
0.05841 err 0.00009   13,7 -> 11,13
0.05840 err 0.00009   8,7 -> 6,13
0.05834 err 0.00009   2,7 -> 12,13
0.05832 err 0.00009   7,7 -> 1,13
0.05802 err 0.00009   13,9 -> 12,27
0.05797 err 0.00009   8,9 -> 11,27
0.05791 err 0.00009   2,9 -> 1,27
0.05786 err 0.00009   7,9 -> 6,27
0.05730 err 0.00009   2,23 -> 12,29
0.05723 err 0.00009   8,23 -> 6,29
0.05721 err 0.00009   7,23 -> 1,29
0.05720 err 0.00009   13,23 -> 11,29
0.05680 err 0.00009   7,6 -> 6,24
0.05673 err 0.00009   2,6 -> 1,24
0.05665 err 0.00009   13,6 -> 12,24
0.05660 err 0.00009   8,6 -> 11,24
-0.05631 err 0.00008   8,30 -> 6,13
-0.05623 err 0.00008   7,30 -> 1,13
0.05623 err 0.00009   7,26 -> 1,0
-0.05623 err 0.00008   2,30 -> 12,13
-0.05623 err 0.00008   13,30 -> 11,13
0.05621 err 0.00009   2,24 -> 12,30
0.05619 err 0.00009   8,0 -> 6,6
0.05619 err 0.00009   7,24 -> 1,30
0.05618 err 0.00009   2,0 -> 12,6
0.05618 err 0.00009   13,26 -> 11,0
0.05616 err 0.00009   8,26 -> 6,0
0.05616 err 0.00009   13,0 -> 11,6
0.05614 err 0.00009   13,24 -> 11,30
0.05611 err 0.00009   7,0 -> 1,6
0.05605 err 0.00009   8,24 -> 6,30
0.05603 err 0.00009   2,26 -> 12,0
-0.05577 err 0.00008   2,29 -> 13,12
-0.05576 err 0.00008   8,29 -> 7,12
0.05574 err 0.00009   8,25 -> 6,31
-0.05573 err 0.00008   13,29 -> 8,12
0.05567 err 0.00009   13,25 -> 11,31
-0.05565 err 0.00008   7,29 -> 2,12
0.05560 err 0.00009   2,25 -> 12,31
0.05560 err 0.00009   7,25 -> 1,31
0.05551 err 0.00009   7,5 -> 6,23
0.05542 err 0.00009   8,5 -> 11,23
0.05538 err 0.00009   13,5 -> 12,23
0.05535 err 0.00009   2,5 -> 1,23
0.05529 err 0.00009   13,7 -> 12,25
0.05528 err 0.00009   7,7 -> 6,25
0.05528 err 0.00009   8,7 -> 11,25
0.05526 err 0.00009   2,7 -> 1,25
0.05513 err 0.00009   2,22 -> 12,15
0.05513 err 0.00009   8,22 -> 6,15
0.05506 err 0.00009   7,22 -> 1,15
0.05502 err 0.00009   13,22 -> 11,15
-0.05402 err 0.00008   13,30 -> 8,13
-0.05400 err 0.00008   8,30 -> 7,13
-0.05392 err 0.00008   7,30 -> 2,13
-0.05391 err 0.00008   2,30 -> 13,13
0.05244 err 0.00009   8,24 -> 11,10
0.05237 err 0.00009   7,24 -> 6,10
0.05237 err 0.00009   2,24 -> 1,10
0.05231 err 0.00009   13,24 -> 12,10
0.05229 err 0.00009   8,15 -> 6,8
0.05227 err 0.00009   13,15 -> 11,8
0.05227 err 0.00009   2,15 -> 12,8
0.05216 err 0.00009   7,15 -> 1,8
-0.05215 err 0.00008   2,28 -> 13,11
-0.05213 err 0.00008   7,28 -> 2,11
-0.05211 err 0.00008   8,28 -> 7,11
-0.05209 err 0.00008   13,28 -> 8,11
0.05165 err 0.00009   13,15 -> 12,1
0.05163 err 0.00009   2,15 -> 1,1
0.05163 err 0.00009   7,15 -> 6,1
0.05160 err 0.00009   7,21 -> 1,14
0.05157 err 0.00009   8,15 -> 11,1
0.05157 err 0.00009   13,21 -> 11,14
0.05156 err 0.00009   2,21 -> 12,14
0.05152 err 0.00009   8,21 -> 6,14
-0.05100 err 0.00008   13,18 -> 12,13
-0.05098 err 0.00008   7,18 -> 6,13
-0.05091 err 0.00008   2,18 -> 1,13
-0.05089 err 0.00008   8,18 -> 11,13
0.05052 err 0.00009   8,20 -> 11,6
0.05048 err 0.00009   2,20 -> 1,6
0.05047 err 0.00009   7,20 -> 6,6
0.05045 err 0.00009   13,20 -> 12,6
-0.05020 err 0.00008   8,11 -> 6,26
-0.05015 err 0.00008   13,11 -> 11,26
0.05012 err 0.00009   2,10 -> 1,28
-0.05011 err 0.00008   7,11 -> 1,26
0.05008 err 0.00009   8,25 -> 11,11
-0.05006 err 0.00008   2,11 -> 12,26
0.05005 err 0.00009   7,10 -> 6,28
0.05004 err 0.00009   13,25 -> 12,11
-0.05002 err 0.00008   7,12 -> 1,27
0.05001 err 0.00009   8,10 -> 11,28
0.05001 err 0.00009   2,25 -> 1,11
0.04998 err 0.00009   13,10 -> 12,28
-0.04992 err 0.00008   13,12 -> 11,27
-0.04987 err 0.00008   8,12 -> 6,27
0.04987 err 0.00009   7,25 -> 6,11
-0.04980 err 0.00008   2,12 -> 12,27
0.04939 err 0.00009   13,14 -> 11,7
0.04938 err 0.00009   2,14 -> 12,7
0.04932 err 0.00009   7,14 -> 1,7
0.04925 err 0.00009   8,14 -> 6,7
0.04901 err 0.00009   13,17 -> 11,10
0.04897 err 0.00009   8,17 -> 6,10
0.04889 err 0.00009   7,17 -> 1,10
0.04885 err 0.00009   2,17 -> 12,10
0.04876 err 0.00009   4,21 -> 11,16
0.04870 err 0.00009   3,21 -> 6,16
0.04869 err 0.00009   14,21 -> 1,16
0.04862 err 0.00009   9,21 -> 12,16
-0.04807 err 0.00008   13,30 -> 11,10
-0.04804 err 0.00008   2,30 -> 12,10
0.04803 err 0.00009   7,14 -> 6,0
0.04802 err 0.00009   13,16 -> 11,9
0.04802 err 0.00009   7,16 -> 1,9
-0.04800 err 0.00008   8,30 -> 6,10
0.04800 err 0.00009   2,16 -> 12,9
0.04797 err 0.00009   13,4 -> 12,22
0.04795 err 0.00009   8,4 -> 11,22
0.04794 err 0.00009   7,4 -> 6,22
-0.04791 err 0.00008   7,30 -> 1,10
0.04791 err 0.00009   2,4 -> 1,22
0.04790 err 0.00009   8,16 -> 6,9
0.04789 err 0.00009   2,14 -> 1,0
0.04789 err 0.00009   13,14 -> 12,0
0.04785 err 0.00009   8,14 -> 11,0
0.04782 err 0.00009   8,26 -> 11,12
0.04776 err 0.00009   7,26 -> 6,12
0.04776 err 0.00009   13,26 -> 12,12
0.04773 err 0.00009   2,26 -> 1,12
0.04769 err 0.00009   8,11 -> 11,29
0.04768 err 0.00009   2,11 -> 1,29
0.04768 err 0.00009   13,11 -> 12,29
0.04759 err 0.00009   8,12 -> 11,30
0.04758 err 0.00009   7,11 -> 6,29
-0.04753 err 0.00008   2,10 -> 12,25
0.04753 err 0.00009   2,12 -> 1,30
-0.04747 err 0.00008   8,10 -> 6,25
0.04746 err 0.00009   13,12 -> 12,30
0.04746 err 0.00009   7,13 -> 6,31
-0.04745 err 0.00008   7,10 -> 1,25
0.04744 err 0.00009   8,13 -> 11,31
-0.04743 err 0.00008   13,10 -> 11,25
0.04742 err 0.00009   2,13 -> 1,31
0.04738 err 0.00009   7,12 -> 6,30
-0.04737 err 0.00008   2,29 -> 1,24
0.04736 err 0.00009   13,13 -> 12,31
-0.04723 err 0.00008   13,26 -> 11,9
-0.04722 err 0.00008   8,29 -> 11,24
-0.04722 err 0.00008   7,29 -> 6,24
-0.04720 err 0.00008   13,29 -> 12,24
-0.04719 err 0.00008   2,26 -> 12,9
-0.04718 err 0.00008   7,26 -> 1,9
-0.04718 err 0.00008   8,26 -> 6,9
-0.04716 err 0.00008   13,26 -> 8,9
-0.04714 err 0.00008   7,26 -> 2,9
0.04712 err 0.00009   14,22 -> 1,17
-0.04709 err 0.00008   8,26 -> 7,9
0.04707 err 0.00009   9,22 -> 12,17
0.04706 err 0.00009   3,22 -> 6,17
0.04704 err 0.00009   4,22 -> 11,17
-0.04699 err 0.00008   2,26 -> 13,9
0.04687 err 0.00009   13,23 -> 11,16
0.04686 err 0.00009   8,23 -> 6,16
0.04682 err 0.00009   2,23 -> 12,16
0.04674 err 0.00009   7,23 -> 1,16
0.04650 err 0.00009   8,20 -> 6,13
0.04648 err 0.00009   13,20 -> 11,13
0.04648 err 0.00009   2,20 -> 12,13
0.04645 err 0.00009   8,3 -> 11,21
0.04643 err 0.00009   7,20 -> 1,13
0.04641 err 0.00009   13,3 -> 12,21
-0.04639 err 0.00008   2,2 -> 13,17
0.04639 err 0.00009   2,3 -> 1,21
0.04636 err 0.00009   7,3 -> 6,21
-0.04635 err 0.00008   8,2 -> 7,17
-0.04629 err 0.00008   13,2 -> 8,17
-0.04628 err 0.00008   7,2 -> 2,17
0.04625 err 0.00009   13,2 -> 12,20
0.04625 err 0.00009   2,2 -> 1,20
0.04622 err 0.00009   8,19 -> 11,5
-0.04621 err 0.00008   13,13 -> 11,28
0.04621 err 0.00009   8,2 -> 11,20
0.04620 err 0.00009   7,19 -> 6,5
0.04618 err 0.00009   7,1 -> 6,19
0.04618 err 0.00009   13,1 -> 12,19
0.04617 err 0.00009   8,1 -> 11,19
-0.04614 err 0.00008   2,13 -> 12,28
0.04613 err 0.00009   2,19 -> 1,5
0.04613 err 0.00009   2,1 -> 1,19
-0.04611 err 0.00008   7,13 -> 1,28
0.04611 err 0.00009   7,2 -> 6,20
-0.04610 err 0.00008   8,13 -> 6,28
0.04605 err 0.00009   13,19 -> 12,5
-0.04569 err 0.00008   2,9 -> 12,24
-0.04562 err 0.00008   13,9 -> 11,24
-0.04558 err 0.00008   13,1 -> 11,16
-0.04557 err 0.00008   8,9 -> 6,24
-0.04556 err 0.00008   7,9 -> 1,24
-0.04555 err 0.00008   8,1 -> 6,16
-0.04550 err 0.00008   2,1 -> 12,16
-0.04550 err 0.00008   2,29 -> 12,12
-0.04547 err 0.00008   13,29 -> 11,12
-0.04546 err 0.00008   7,1 -> 1,16
-0.04529 err 0.00008   7,29 -> 1,12
-0.04528 err 0.00008   8,29 -> 6,12
-0.04500 err 0.00008   7,21 -> 6,16
-0.04500 err 0.00008   2,21 -> 1,16
-0.04496 err 0.00008   8,21 -> 11,16
-0.04493 err 0.00008   13,21 -> 12,16
0.04492 err 0.00009   2,0 -> 12,25
0.04489 err 0.00009   8,0 -> 6,25
0.04489 err 0.00009   13,0 -> 11,25
-0.04485 err 0.00008   7,3 -> 1,15
-0.04482 err 0.00008   13,3 -> 11,15
0.04481 err 0.00009   7,0 -> 1,25
-0.04475 err 0.00008   8,3 -> 6,15
-0.04474 err 0.00008   2,3 -> 12,15
-0.04469 err 0.00008   13,22 -> 12,17
-0.04464 err 0.00008   2,22 -> 1,17
-0.04463 err 0.00008   8,22 -> 11,17
-0.04460 err 0.00008   7,22 -> 6,17
0.04424 err 0.00009   14,31 -> 1,26
0.04423 err 0.00009   3,31 -> 6,26
0.04418 err 0.00009   4,31 -> 11,26
0.04416 err 0.00009   9,31 -> 12,26
0.04414 err 0.00009   2,18 -> 12,11
0.04409 err 0.00009   7,18 -> 1,11
-0.04398 err 0.00008   7,5 -> 2,20
0.04395 err 0.00009   8,18 -> 6,11
-0.04395 err 0.00008   13,5 -> 8,20
0.04392 err 0.00009   13,18 -> 11,11
-0.04389 err 0.00008   2,5 -> 13,20
-0.04385 err 0.00008   8,5 -> 7,20
-0.04379 err 0.00008   8,18 -> 6,13
-0.04377 err 0.00008   2,18 -> 12,13
-0.04375 err 0.00008   7,18 -> 1,13
-0.04373 err 0.00008   13,18 -> 11,13
-0.04372 err 0.00008   13,28 -> 11,11
-0.04363 err 0.00008   8,28 -> 6,11
-0.04361 err 0.00008   2,28 -> 12,11
-0.04361 err 0.00008   7,28 -> 1,11
-0.04326 err 0.00008   13,27 -> 11,10
-0.04326 err 0.00008   2,8 -> 12,23
-0.04325 err 0.00008   7,27 -> 1,10
-0.04324 err 0.00008   8,27 -> 6,10
-0.04318 err 0.00008   13,17 -> 12,12
-0.04316 err 0.00008   2,27 -> 12,10
-0.04316 err 0.00008   8,17 -> 11,12
-0.04314 err 0.00008   7,8 -> 1,23
-0.04308 err 0.00008   13,8 -> 11,23
-0.04305 err 0.00008   2,17 -> 1,12
-0.04303 err 0.00008   7,17 -> 6,12
-0.04302 err 0.00008   13,0 -> 12,27
-0.04298 err 0.00008   8,8 -> 6,23
-0.04296 err 0.00008   7,0 -> 6,27
-0.04295 err 0.00008   8,0 -> 11,27
-0.04294 err 0.00008   2,0 -> 1,27
-0.04215 err 0.00008   7,2 -> 1,17
-0.04212 err 0.00008   8,2 -> 6,17
-0.04203 err 0.00008   7,3 -> 1,18
-0.04201 err 0.00008   8,3 -> 6,18
-0.04200 err 0.00008   13,2 -> 11,17
-0.04200 err 0.00008   2,3 -> 12,18
-0.04194 err 0.00008   13,3 -> 11,18
-0.04192 err 0.00008   2,2 -> 12,17
-0.04187 err 0.00008   2,6 -> 13,21
-0.04186 err 0.00008   7,6 -> 2,21
-0.04182 err 0.00008   2,4 -> 12,19
-0.04179 err 0.00008   8,6 -> 7,21
-0.04179 err 0.00008   7,4 -> 1,19
-0.04176 err 0.00008   13,4 -> 11,19
-0.04176 err 0.00008   7,19 -> 1,2
-0.04173 err 0.00008   13,6 -> 8,21
-0.04171 err 0.00008   2,19 -> 12,2
-0.04171 err 0.00008   13,19 -> 11,2
-0.04165 err 0.00008   8,19 -> 6,2
-0.04163 err 0.00008   8,4 -> 6,19
-0.04155 err 0.00008   13,5 -> 11,20
-0.04154 err 0.00008   2,5 -> 12,20
-0.04153 err 0.00008   2,14 -> 12,29
-0.04153 err 0.00008   7,5 -> 1,20
-0.04151 err 0.00008   8,5 -> 6,20
-0.04148 err 0.00008   13,23 -> 12,18
-0.04148 err 0.00008   13,14 -> 11,29
-0.04144 err 0.00008   2,23 -> 1,18
-0.04141 err 0.00008   8,14 -> 6,29
-0.04136 err 0.00008   7,14 -> 1,29
-0.04130 err 0.00008   7,23 -> 6,18
-0.04126 err 0.00008   8,23 -> 11,18
-0.04115 err 0.00008   13,6 -> 11,21
-0.04115 err 0.00008   7,6 -> 1,21
-0.04107 err 0.00008   8,6 -> 6,21
-0.04103 err 0.00008   2,6 -> 12,21
-0.04093 err 0.00008   8,7 -> 6,22
-0.04087 err 0.00008   7,7 -> 1,22
-0.04086 err 0.00008   13,16 -> 12,11
-0.04085 err 0.00008   8,31 -> 6,4
-0.04085 err 0.00008   2,16 -> 1,11
-0.04085 err 0.00008   2,7 -> 12,22
-0.04084 err 0.00008   8,16 -> 11,11
-0.04084 err 0.00008   13,7 -> 11,22
-0.04079 err 0.00008   13,31 -> 11,4
-0.04078 err 0.00008   7,16 -> 6,11
-0.04076 err 0.00008   2,31 -> 12,4
-0.04076 err 0.00008   7,31 -> 1,4
-0.04069 err 0.00008   13,15 -> 11,30
-0.04067 err 0.00008   2,15 -> 12,30
-0.04066 err 0.00008   8,15 -> 6,30
-0.04064 err 0.00008   7,15 -> 1,30
-0.04056 err 0.00008   8,2 -> 6,14
-0.04055 err 0.00008   8,14 -> 11,9
-0.04053 err 0.00008   2,14 -> 1,9
-0.04052 err 0.00008   7,2 -> 1,14
-0.04052 err 0.00008   13,20 -> 8,3
-0.04052 err 0.00008   7,14 -> 6,9
-0.04046 err 0.00008   8,20 -> 7,3
-0.04046 err 0.00008   13,14 -> 12,9
-0.04043 err 0.00008   7,4 -> 2,19
-0.04042 err 0.00008   7,20 -> 2,3
-0.04042 err 0.00008   2,20 -> 13,3
-0.04041 err 0.00008   2,2 -> 12,14
-0.04039 err 0.00008   8,4 -> 7,19
-0.04037 err 0.00008   7,30 -> 6,15
-0.04037 err 0.00008   2,4 -> 13,19
-0.04036 err 0.00008   13,2 -> 11,14
-0.04034 err 0.00008   2,30 -> 1,15
-0.04033 err 0.00008   8,30 -> 11,15
-0.04032 err 0.00008   13,30 -> 12,15
-0.04031 err 0.00008   8,23 -> 6,6
-0.04025 err 0.00008   13,23 -> 11,6
-0.04022 err 0.00008   8,28 -> 11,23
-0.04019 err 0.00008   13,4 -> 8,19
-0.04019 err 0.00008   7,28 -> 6,23
-0.04018 err 0.00008   7,16 -> 1,31
-0.04016 err 0.00008   2,23 -> 12,6
-0.04015 err 0.00008   2,28 -> 1,23
-0.04015 err 0.00008   13,28 -> 12,23
-0.04013 err 0.00008   8,16 -> 6,31
-0.04013 err 0.00008   13,19 -> 12,14
-0.04012 err 0.00008   8,12 -> 6,24
-0.04012 err 0.00008   7,23 -> 1,6
-0.04012 err 0.00008   2,16 -> 12,31
-0.04010 err 0.00008   7,19 -> 6,14
-0.04009 err 0.00008   2,12 -> 12,24
-0.04007 err 0.00008   8,19 -> 11,14
-0.04003 err 0.00008   2,19 -> 1,14
-0.04001 err 0.00008   13,16 -> 11,31
-0.04000 err 0.00008   13,12 -> 11,24
-0.03998 err 0.00008   7,12 -> 1,24
-0.03992 err 0.00008   2,22 -> 12,5
-0.03979 err 0.00008   13,31 -> 11,23
-0.03979 err 0.00008   7,22 -> 1,5
-0.03977 err 0.00008   13,22 -> 11,5
-0.03977 err 0.00008   2,31 -> 12,23
-0.03976 err 0.00008   7,31 -> 1,23
-0.03969 err 0.00008   8,31 -> 6,23
-0.03968 err 0.00008   8,22 -> 6,5
-0.03964 err 0.00008   8,21 -> 6,4
-0.03957 err 0.00008   13,21 -> 11,4
-0.03957 err 0.00008   2,21 -> 12,4
-0.03955 err 0.00008   13,20 -> 11,3
-0.03952 err 0.00008   7,21 -> 1,4
-0.03948 err 0.00008   7,20 -> 1,3
-0.03943 err 0.00008   2,20 -> 12,3
-0.03943 err 0.00008   8,20 -> 6,3
-0.03913 err 0.00008   2,21 -> 13,4
0.03911 err 0.00009   13,31 -> 12,24
0.03906 err 0.00009   2,31 -> 1,24
-0.03903 err 0.00008   13,21 -> 8,4
0.03902 err 0.00009   8,31 -> 11,24
-0.03897 err 0.00008   8,21 -> 7,4
0.03896 err 0.00009   7,31 -> 6,24
-0.03892 err 0.00008   7,21 -> 2,4
-0.03888 err 0.00008   2,3 -> 13,18
-0.03888 err 0.00008   8,3 -> 7,18
-0.03886 err 0.00008   13,3 -> 8,18
-0.03880 err 0.00008   7,3 -> 2,18
-0.03878 err 0.00008   7,13 -> 2,28
-0.03872 err 0.00008   8,13 -> 7,28
-0.03868 err 0.00008   2,13 -> 13,28
-0.03866 err 0.00008   13,13 -> 8,28
-0.03848 err 0.00008   13,15 -> 12,10
-0.03844 err 0.00008   8,15 -> 11,10
-0.03836 err 0.00008   2,15 -> 1,10
-0.03835 err 0.00008   13,20 -> 12,15
-0.03833 err 0.00008   7,11 -> 6,6
-0.03832 err 0.00008   7,15 -> 6,10
-0.03830 err 0.00008   2,20 -> 1,15
-0.03830 err 0.00008   7,20 -> 6,15
-0.03829 err 0.00008   13,11 -> 12,6
-0.03829 err 0.00008   8,11 -> 11,6
-0.03828 err 0.00008   2,11 -> 1,6
-0.03816 err 0.00008   8,20 -> 11,15
-0.03798 err 0.00008   8,9 -> 7,24
0.03797 err 0.00009   2,29 -> 12,22
0.03794 err 0.00009   13,29 -> 11,22
0.03794 err 0.00009   8,29 -> 6,22
-0.03791 err 0.00008   13,9 -> 8,24
0.03790 err 0.00009   7,29 -> 1,22
-0.03784 err 0.00008   7,9 -> 2,24
-0.03783 err 0.00008   2,9 -> 13,24
-0.03776 err 0.00008   2,24 -> 1,19
-0.03771 err 0.00008   7,24 -> 6,19
-0.03764 err 0.00008   8,24 -> 11,19
-0.03758 err 0.00008   13,24 -> 12,19
-0.03707 err 0.00008   8,10 -> 7,25
-0.03701 err 0.00008   2,10 -> 13,25
-0.03700 err 0.00008   13,10 -> 8,25
-0.03697 err 0.00008   7,10 -> 2,25
-0.03687 err 0.00008   7,28 -> 1,8
-0.03683 err 0.00008   8,28 -> 6,8
-0.03681 err 0.00008   13,28 -> 11,8
-0.03673 err 0.00008   2,28 -> 12,8
-0.03638 err 0.00008   8,1 -> 11,28
-0.03637 err 0.00008   2,1 -> 1,28
-0.03630 err 0.00008   7,1 -> 6,28
-0.03628 err 0.00008   13,1 -> 12,28
-0.03612 err 0.00008   2,10 -> 1,5
-0.03606 err 0.00008   8,10 -> 11,5
-0.03605 err 0.00008   13,10 -> 12,5
-0.03601 err 0.00008   7,10 -> 6,5
-0.03593 err 0.00008   2,12 -> 13,27
-0.03587 err 0.00008   13,12 -> 8,27
-0.03579 err 0.00008   7,12 -> 2,27
-0.03571 err 0.00008   8,12 -> 7,27
-0.03570 err 0.00008   2,1 -> 12,13
-0.03566 err 0.00008   8,11 -> 7,26
-0.03564 err 0.00008   13,11 -> 8,26
-0.03564 err 0.00008   7,1 -> 1,13
-0.03563 err 0.00008   2,27 -> 12,7
-0.03561 err 0.00008   7,11 -> 2,26
-0.03560 err 0.00008   2,11 -> 13,26
-0.03559 err 0.00008   13,1 -> 11,13
-0.03558 err 0.00008   7,27 -> 1,7
-0.03557 err 0.00008   13,27 -> 11,7
-0.03556 err 0.00008   8,1 -> 6,13
0.03556 err 0.00009   13,8 -> 11,1
0.03555 err 0.00009   7,8 -> 1,1
-0.03553 err 0.00008   2,13 -> 12,25
-0.03552 err 0.00008   8,27 -> 6,7
-0.03551 err 0.00008   8,13 -> 6,25
0.03549 err 0.00009   2,8 -> 12,1
0.03548 err 0.00009   13,9 -> 11,2
0.03547 err 0.00009   8,8 -> 6,1
-0.03546 err 0.00008   7,13 -> 1,25
-0.03546 err 0.00008   2,9 -> 1,4
-0.03543 err 0.00008   13,13 -> 11,25
0.03542 err 0.00009   7,9 -> 1,2
0.03541 err 0.00009   2,9 -> 12,2
-0.03538 err 0.00008   2,30 -> 12,3
-0.03537 err 0.00008   13,30 -> 11,3
-0.03536 err 0.00008   8,30 -> 6,3
0.03534 err 0.00009   8,9 -> 6,2
-0.03534 err 0.00008   13,9 -> 12,4
-0.03532 err 0.00008   8,9 -> 11,4
-0.03528 err 0.00008   7,30 -> 1,3
-0.03526 err 0.00008   7,9 -> 6,4
-0.03511 err 0.00008   13,3 -> 12,30
0.03511 err 0.00009   8,24 -> 6,17
0.03509 err 0.00009   13,24 -> 11,17
0.03506 err 0.00009   2,24 -> 12,17
0.03501 err 0.00009   7,24 -> 1,17
-0.03501 err 0.00008   2,3 -> 1,30
-0.03499 err 0.00008   13,2 -> 12,29
-0.03498 err 0.00008   8,3 -> 11,30
-0.03497 err 0.00008   7,3 -> 6,30
-0.03496 err 0.00008   7,25 -> 6,20
-0.03495 err 0.00008   8,2 -> 11,29
-0.03495 err 0.00008   2,2 -> 1,29
-0.03492 err 0.00008   7,2 -> 6,29
-0.03492 err 0.00008   2,22 -> 13,5
-0.03491 err 0.00008   8,25 -> 11,20
-0.03489 err 0.00008   8,22 -> 7,5
-0.03486 err 0.00008   7,22 -> 2,5
-0.03481 err 0.00008   2,25 -> 1,20
-0.03479 err 0.00008   2,4 -> 1,31
-0.03476 err 0.00008   13,25 -> 12,20
-0.03476 err 0.00008   8,4 -> 11,31
-0.03475 err 0.00008   7,4 -> 6,31
-0.03474 err 0.00008   13,22 -> 8,5
-0.03472 err 0.00008   13,4 -> 12,31
-0.03465 err 0.00008   7,6 -> 6,1
-0.03464 err 0.00008   8,6 -> 11,1
-0.03460 err 0.00008   13,6 -> 12,1
-0.03459 err 0.00008   8,5 -> 11,0
-0.03458 err 0.00008   2,6 -> 1,1
-0.03453 err 0.00008   13,5 -> 12,0
-0.03450 err 0.00008   2,7 -> 1,2
-0.03449 err 0.00008   2,5 -> 1,0
-0.03446 err 0.00008   7,5 -> 6,0
-0.03440 err 0.00008   13,7 -> 12,2
-0.03439 err 0.00008   7,7 -> 6,2
-0.03438 err 0.00008   13,3 -> 11,8
-0.03438 err 0.00008   8,7 -> 11,2
-0.03434 err 0.00008   8,3 -> 6,8
-0.03433 err 0.00008   7,8 -> 6,3
-0.03432 err 0.00008   2,8 -> 1,3
-0.03429 err 0.00008   8,8 -> 11,3
-0.03429 err 0.00008   2,3 -> 12,8
-0.03429 err 0.00008   7,3 -> 1,8
-0.03425 err 0.00008   13,8 -> 12,3
-0.03408 err 0.00008   2,17 -> 13,0
-0.03407 err 0.00008   7,4 -> 1,16
-0.03403 err 0.00008   7,2 -> 1,7
-0.03403 err 0.00008   2,2 -> 12,7
-0.03403 err 0.00008   8,4 -> 6,16
-0.03401 err 0.00008   13,2 -> 11,7
-0.03399 err 0.00008   2,4 -> 12,16
-0.03398 err 0.00008   13,17 -> 8,0
-0.03397 err 0.00008   8,17 -> 7,0
-0.03397 err 0.00008   13,4 -> 11,16
-0.03395 err 0.00008   8,2 -> 6,7
-0.03394 err 0.00008   7,17 -> 2,0
-0.03392 err 0.00008   8,16 -> 7,31
-0.03388 err 0.00008   2,16 -> 13,31
-0.03384 err 0.00008   13,16 -> 8,31
-0.03383 err 0.00008   7,16 -> 2,31
-0.03366 err 0.00008   7,29 -> 1,9
0.03359 err 0.00009   13,2 -> 11,27
-0.03359 err 0.00008   2,29 -> 12,9
0.03358 err 0.00009   8,2 -> 6,27
-0.03355 err 0.00008   13,29 -> 11,9
-0.03354 err 0.00008   8,29 -> 6,9
0.03350 err 0.00009   7,2 -> 1,27
0.03348 err 0.00009   13,10 -> 11,3
0.03347 err 0.00009   8,10 -> 6,3
0.03347 err 0.00009   2,2 -> 12,27
-0.03342 err 0.00008   8,15 -> 7,30
-0.03342 err 0.00008   2,15 -> 13,30
0.03341 err 0.00009   2,10 -> 12,3
-0.03339 err 0.00008   13,15 -> 8,30
0.03338 err 0.00009   7,10 -> 1,3
-0.03335 err 0.00008   7,15 -> 2,30
0.03333 err 0.00009   7,1 -> 1,26
0.03332 err 0.00009   8,1 -> 6,26
0.03328 err 0.00009   2,1 -> 12,26
0.03324 err 0.00009   13,1 -> 11,26
-0.03316 err 0.00008   2,27 -> 1,22
-0.03309 err 0.00008   8,27 -> 11,22
-0.03309 err 0.00008   13,27 -> 12,22
-0.03306 err 0.00008   7,27 -> 6,22
-0.03304 err 0.00008   8,11 -> 6,23
-0.03296 err 0.00008   2,11 -> 12,23
-0.03291 err 0.00008   7,11 -> 1,23
-0.03291 err 0.00008   13,11 -> 11,23
-0.03280 err 0.00008   2,26 -> 1,21
-0.03271 err 0.00008   8,26 -> 11,21
-0.03270 err 0.00008   13,26 -> 12,21
-0.03263 err 0.00008   7,26 -> 6,21
-0.03252 err 0.00008   13,17 -> 11,29
-0.03247 err 0.00008   7,17 -> 1,29
-0.03245 err 0.00008   8,17 -> 6,29
-0.03243 err 0.00008   7,14 -> 2,29
-0.03242 err 0.00008   2,17 -> 12,29
-0.03240 err 0.00008   2,14 -> 13,29
-0.03235 err 0.00008   8,14 -> 7,29
-0.03235 err 0.00008   13,14 -> 8,29
-0.03232 err 0.00008   7,18 -> 2,1
-0.03223 err 0.00008   2,18 -> 13,1
-0.03218 err 0.00008   13,18 -> 8,1
0.03214 err 0.00009   2,3 -> 12,28
0.03213 err 0.00009   8,3 -> 6,28
-0.03213 err 0.00008   8,18 -> 7,1
0.03207 err 0.00009   7,3 -> 1,28
0.03204 err 0.00009   13,3 -> 11,28
-0.03194 err 0.00008   8,29 -> 6,2
-0.03190 err 0.00008   13,29 -> 11,2
-0.03188 err 0.00008   7,29 -> 1,2
-0.03185 err 0.00008   2,29 -> 12,2
-0.03156 err 0.00008   2,28 -> 12,1
-0.03151 err 0.00008   8,28 -> 6,1
-0.03144 err 0.00008   7,28 -> 1,1
-0.03140 err 0.00008   13,28 -> 11,1
-0.03139 err 0.00008   2,21 -> 12,26
-0.03137 err 0.00008   13,21 -> 11,26
-0.03136 err 0.00008   8,21 -> 6,26
-0.03135 err 0.00008   8,21 -> 6,1
-0.03135 err 0.00008   7,21 -> 1,26
-0.03130 err 0.00008   7,16 -> 1,28
-0.03129 err 0.00008   7,21 -> 1,1
-0.03129 err 0.00008   8,16 -> 6,28
-0.03128 err 0.00008   13,16 -> 11,28
-0.03127 err 0.00008   2,21 -> 12,1
-0.03120 err 0.00008   2,16 -> 12,28
-0.03120 err 0.00008   13,21 -> 11,1
0.03117 err 0.00009   7,11 -> 1,4
0.03109 err 0.00009   2,11 -> 12,4
0.03108 err 0.00009   13,11 -> 11,4
0.03105 err 0.00009   8,11 -> 6,4
0.03103 err 0.00009   7,28 -> 1,21
0.03101 err 0.00009   2,25 -> 12,18
0.03100 err 0.00009   8,25 -> 6,18
0.03097 err 0.00009   2,28 -> 12,21
0.03095 err 0.00009   8,28 -> 6,21
0.03092 err 0.00009   7,25 -> 1,18
0.03090 err 0.00009   13,25 -> 11,18
0.03084 err 0.00009   13,28 -> 11,21
0.03055 err 0.00009   8,4 -> 6,29
0.03053 err 0.00009   7,4 -> 1,29
0.03051 err 0.00009   13,4 -> 11,29
0.03040 err 0.00009   2,4 -> 12,29
0.03031 err 0.00009   14,20 -> 1,15
0.03028 err 0.00009   7,12 -> 1,5
0.03027 err 0.00009   2,12 -> 12,5
0.03027 err 0.00009   9,20 -> 12,15
0.03026 err 0.00009   3,20 -> 6,15
-0.03024 err 0.00009   2,8 -> 13,23
0.03023 err 0.00009   8,12 -> 6,5
-0.03023 err 0.00009   7,8 -> 2,23
0.03022 err 0.00009   4,20 -> 11,15
-0.03022 err 0.00009   13,8 -> 8,23
0.03020 err 0.00009   13,12 -> 11,5
-0.03018 err 0.00009   8,8 -> 7,23
0.03013 err 0.00009   7,13 -> 1,6
0.03012 err 0.00009   8,13 -> 6,6
-0.03008 err 0.00009   7,23 -> 2,6
-0.03008 err 0.00009   2,23 -> 13,6
0.03007 err 0.00009   2,13 -> 12,6
-0.03006 err 0.00009   13,23 -> 8,6
0.03002 err 0.00009   13,13 -> 11,6
-0.03000 err 0.00009   8,23 -> 7,6
-0.02987 err 0.00009   7,19 -> 2,2
-0.02979 err 0.00009   2,19 -> 13,2
-0.02974 err 0.00009   13,19 -> 8,2
0.02971 err 0.00009   8,27 -> 6,20
0.02970 err 0.00009   13,5 -> 11,30
0.02968 err 0.00009   13,27 -> 11,20
0.02968 err 0.00009   7,5 -> 1,30
0.02966 err 0.00009   2,27 -> 12,20
-0.02963 err 0.00009   8,19 -> 7,2
0.02960 err 0.00009   7,27 -> 1,20
0.02956 err 0.00009   2,5 -> 12,30
0.02954 err 0.00009   8,5 -> 6,30
0.02953 err 0.00009   2,26 -> 12,19
-0.02946 err 0.00009   8,22 -> 11,7
0.02945 err 0.00009   13,26 -> 11,19
-0.02944 err 0.00009   2,22 -> 1,7
-0.02941 err 0.00009   13,22 -> 12,7
-0.02939 err 0.00009   7,24 -> 2,7
0.02938 err 0.00009   8,26 -> 6,19
-0.02938 err 0.00009   7,22 -> 6,7
0.02938 err 0.00009   9,12 -> 12,7
-0.02937 err 0.00009   2,18 -> 12,30
-0.02936 err 0.00009   8,24 -> 7,7
0.02935 err 0.00009   3,12 -> 6,7
0.02934 err 0.00009   7,26 -> 1,19
-0.02934 err 0.00009   13,24 -> 8,7
-0.02933 err 0.00009   13,18 -> 11,30
-0.02931 err 0.00009   7,18 -> 1,30
-0.02930 err 0.00009   2,0 -> 1,17
-0.02929 err 0.00009   8,18 -> 6,30
-0.02928 err 0.00009   13,0 -> 12,17
0.02927 err 0.00009   14,12 -> 1,7
0.02926 err 0.00009   4,12 -> 11,7
-0.02924 err 0.00009   2,24 -> 13,7
-0.02920 err 0.00009   8,18 -> 11,3
-0.02918 err 0.00009   8,0 -> 11,17
0.02915 err 0.00009   7,6 -> 1,31
0.02911 err 0.00009   2,6 -> 12,31
-0.02910 err 0.00009   7,0 -> 6,17
0.02909 err 0.00009   8,6 -> 6,31
-0.02905 err 0.00009   2,18 -> 1,3
-0.02904 err 0.00009   7,25 -> 2,8
0.02900 err 0.00009   13,6 -> 11,31
-0.02899 err 0.00009   2,25 -> 13,8
-0.02899 err 0.00009   13,18 -> 12,3
-0.02895 err 0.00009   7,18 -> 6,3
-0.02891 err 0.00009   13,25 -> 8,8
-0.02891 err 0.00009   8,25 -> 7,8
0.02884 err 0.00009   7,7 -> 1,0
0.02877 err 0.00009   2,7 -> 12,0
0.02877 err 0.00009   8,7 -> 6,0
-0.02877 err 0.00009   2,7 -> 13,22
-0.02875 err 0.00009   7,0 -> 2,15
0.02874 err 0.00009   13,7 -> 11,0
-0.02869 err 0.00009   8,7 -> 7,22
-0.02866 err 0.00009   8,1 -> 7,16
-0.02866 err 0.00009   13,17 -> 12,2
-0.02865 err 0.00009   7,1 -> 2,16
-0.02865 err 0.00009   7,17 -> 6,2
-0.02865 err 0.00009   13,7 -> 8,22
-0.02864 err 0.00009   2,17 -> 1,2
-0.02863 err 0.00009   7,7 -> 2,22
-0.02862 err 0.00009   8,17 -> 11,2
-0.02861 err 0.00009   2,1 -> 13,16
0.02860 err 0.00009   2,19 -> 12,12
-0.02859 err 0.00009   8,0 -> 7,15
-0.02858 err 0.00009   13,1 -> 8,16
-0.02857 err 0.00009   2,0 -> 13,15
-0.02857 err 0.00009   13,0 -> 8,15
0.02855 err 0.00009   8,19 -> 6,12
-0.02854 err 0.00009   7,5 -> 1,10
0.02853 err 0.00009   13,19 -> 11,12
0.02851 err 0.00009   7,19 -> 1,12
-0.02848 err 0.00009   8,5 -> 6,10
-0.02838 err 0.00009   13,5 -> 11,10
-0.02837 err 0.00009   2,5 -> 12,10
-0.02819 err 0.00009   2,22 -> 12,2
-0.02819 err 0.00009   13,22 -> 11,2
-0.02810 err 0.00009   8,22 -> 6,2
-0.02809 err 0.00009   8,31 -> 11,15
-0.02807 err 0.00009   7,22 -> 1,2
-0.02800 err 0.00009   7,31 -> 6,15
-0.02799 err 0.00009   13,31 -> 12,15
-0.02797 err 0.00009   13,6 -> 11,11
-0.02797 err 0.00009   2,31 -> 1,15
-0.02792 err 0.00009   2,6 -> 12,11
-0.02782 err 0.00009   7,6 -> 1,11
-0.02778 err 0.00009   8,6 -> 6,11
-0.02730 err 0.00009   2,31 -> 12,26
-0.02728 err 0.00009   7,31 -> 1,26
-0.02726 err 0.00009   13,31 -> 11,26
-0.02721 err 0.00009   8,31 -> 6,26
-0.02710 err 0.00009   2,10 -> 12,15
-0.02710 err 0.00009   13,10 -> 11,15
-0.02700 err 0.00009   8,10 -> 6,15
-0.02699 err 0.00009   2,15 -> 12,27
-0.02698 err 0.00009   7,10 -> 1,15
-0.02687 err 0.00009   7,15 -> 1,27
-0.02678 err 0.00009   13,15 -> 11,27
-0.02677 err 0.00009   8,15 -> 6,27
-0.02629 err 0.00009   2,22 -> 12,27
-0.02628 err 0.00009   13,22 -> 11,27
-0.02620 err 0.00009   7,22 -> 1,27
-0.02620 err 0.00009   13,31 -> 12,25
-0.02615 err 0.00009   8,22 -> 6,27
-0.02615 err 0.00009   7,31 -> 6,25
-0.02612 err 0.00009   8,31 -> 11,25
-0.02609 err 0.00009   2,31 -> 1,25
-0.02581 err 0.00009   2,5 -> 12,17
-0.02578 err 0.00009   13,5 -> 11,17
-0.02571 err 0.00009   8,5 -> 6,17
-0.02567 err 0.00009   7,5 -> 1,17
-0.02515 err 0.00009   2,0 -> 12,12
0.02511 err 0.00009   9,13 -> 12,8
0.02509 err 0.00009   4,13 -> 11,8
-0.02507 err 0.00009   13,0 -> 11,12
-0.02500 err 0.00009   8,0 -> 6,12
0.02498 err 0.00009   14,13 -> 1,8
-0.02497 err 0.00009   7,0 -> 1,12
0.02490 err 0.00009   3,13 -> 6,8
-0.02452 err 0.00009   8,11 -> 6,16
-0.02445 err 0.00009   2,23 -> 12,3
-0.02443 err 0.00009   8,23 -> 6,3
-0.02443 err 0.00009   13,23 -> 11,3
0.02442 err 0.00009   4,30 -> 11,25
-0.02442 err 0.00009   7,23 -> 1,3
0.02441 err 0.00009   3,30 -> 6,25
0.02440 err 0.00009   14,30 -> 1,25
-0.02438 err 0.00009   7,11 -> 1,16
-0.02437 err 0.00009   13,11 -> 11,16
0.02436 err 0.00009   9,30 -> 12,25
-0.02432 err 0.00009   2,14 -> 12,26
-0.02427 err 0.00009   8,14 -> 6,26
-0.02427 err 0.00009   13,14 -> 11,26
-0.02422 err 0.00009   7,14 -> 1,26
-0.02422 err 0.00009   2,11 -> 12,16
-0.02419 err 0.00009   7,6 -> 1,18
-0.02417 err 0.00009   13,6 -> 11,18
-0.02407 err 0.00009   7,10 -> 1,22
-0.02405 err 0.00009   2,6 -> 12,18
-0.02404 err 0.00009   8,6 -> 6,18
-0.02401 err 0.00009   2,10 -> 12,22
-0.02398 err 0.00009   8,10 -> 6,22
-0.02395 err 0.00009   13,10 -> 11,22
-0.02390 err 0.00009   2,23 -> 1,8
-0.02380 err 0.00009   13,23 -> 12,8
-0.02376 err 0.00009   7,23 -> 6,8
-0.02371 err 0.00009   8,23 -> 11,8
-0.02363 err 0.00009   2,4 -> 12,9
-0.02361 err 0.00009   7,4 -> 1,9
0.02346 err 0.00009   4,8 -> 11,3
-0.02345 err 0.00009   8,4 -> 6,9
0.02338 err 0.00009   14,8 -> 1,3
0.02336 err 0.00009   9,8 -> 12,3
-0.02336 err 0.00009   13,4 -> 11,9
0.02333 err 0.00009   3,8 -> 6,3
-0.02314 err 0.00009   2,5 -> 12,7
-0.02307 err 0.00009   8,13 -> 6,18
-0.02305 err 0.00009   8,5 -> 6,7
-0.02297 err 0.00009   2,13 -> 12,18
-0.02296 err 0.00009   13,13 -> 11,18
-0.02292 err 0.00009   13,5 -> 11,7
-0.02290 err 0.00009   7,13 -> 1,18
-0.02289 err 0.00009   7,5 -> 1,7
-0.02233 err 0.00009   13,9 -> 11,21
-0.02232 err 0.00009   2,24 -> 12,4
-0.02231 err 0.00009   8,24 -> 6,4
-0.02226 err 0.00009   8,9 -> 6,21
-0.02225 err 0.00009   7,9 -> 1,21
-0.02223 err 0.00009   13,24 -> 11,4
-0.02223 err 0.00009   2,9 -> 12,21
-0.02213 err 0.00009   2,25 -> 12,5
-0.02211 err 0.00009   13,25 -> 11,5
-0.02211 err 0.00009   7,24 -> 1,4
-0.02210 err 0.00009   13,28 -> 11,23
-0.02208 err 0.00009   7,6 -> 1,8
-0.02206 err 0.00009   13,6 -> 11,8
-0.02205 err 0.00009   2,28 -> 12,23
-0.02205 err 0.00009   7,28 -> 1,23
-0.02204 err 0.00009   8,6 -> 6,8
-0.02204 err 0.00009   8,28 -> 6,23
-0.02203 err 0.00009   2,6 -> 12,8
-0.02202 err 0.00009   7,25 -> 1,5
-0.02199 err 0.00009   8,25 -> 6,5
-0.02192 err 0.00009   8,7 -> 6,19
-0.02183 err 0.00009   7,7 -> 1,19
-0.02181 err 0.00009   13,7 -> 11,19
-0.02178 err 0.00009   8,26 -> 6,6
-0.02176 err 0.00009   2,8 -> 12,20
-0.02176 err 0.00009   2,7 -> 12,19
-0.02176 err 0.00009   7,26 -> 1,6
-0.02172 err 0.00009   2,26 -> 12,6
-0.02172 err 0.00009   13,26 -> 11,6
-0.02169 err 0.00009   7,8 -> 1,20
-0.02166 err 0.00009   13,8 -> 11,20
-0.02162 err 0.00009   2,19 -> 12,31
-0.02161 err 0.00009   7,20 -> 1,0
-0.02161 err 0.00009   8,20 -> 6,0
-0.02161 err 0.00009   8,8 -> 6,20
-0.02160 err 0.00009   13,20 -> 11,0
-0.02159 err 0.00009   7,19 -> 1,31
-0.02157 err 0.00009   8,19 -> 6,31
-0.02156 err 0.00009   2,20 -> 12,0
-0.02155 err 0.00009   13,19 -> 11,31
-0.02149 err 0.00009   13,31 -> 11,10
-0.02143 err 0.00009   8,31 -> 6,10
-0.02141 err 0.00009   7,31 -> 1,10
-0.02137 err 0.00009   2,28 -> 13,10
-0.02133 err 0.00009   2,31 -> 12,10
-0.02124 err 0.00009   13,28 -> 8,10
-0.02119 err 0.00009   7,28 -> 2,10
-0.02118 err 0.00009   8,28 -> 7,10
-0.02111 err 0.00009   7,13 -> 1,15
-0.02110 err 0.00009   13,13 -> 11,15
-0.02109 err 0.00009   8,13 -> 6,15
-0.02099 err 0.00009   7,9 -> 6,26
-0.02099 err 0.00009   2,13 -> 12,15
-0.02097 err 0.00009   13,9 -> 12,26
-0.02094 err 0.00009   7,17 -> 1,22
-0.02092 err 0.00009   2,16 -> 12,21
-0.02089 err 0.00009   2,9 -> 1,26
0.02088 err 0.00009   4,23 -> 11,18
-0.02088 err 0.00009   7,16 -> 1,21
-0.02087 err 0.00009   8,17 -> 6,22
-0.02087 err 0.00009   8,16 -> 6,21
-0.02087 err 0.00009   13,16 -> 11,21
-0.02082 err 0.00009   13,17 -> 11,22
0.02082 err 0.00009   9,23 -> 12,18
-0.02081 err 0.00009   2,17 -> 12,22
0.02080 err 0.00009   14,23 -> 1,18
-0.02078 err 0.00009   8,9 -> 11,26
0.02078 err 0.00009   4,9 -> 11,4
0.02078 err 0.00009   9,7 -> 12,2
0.02077 err 0.00009   9,9 -> 12,4
0.02075 err 0.00009   4,7 -> 11,2
-0.02075 err 0.00009   8,31 -> 7,13
0.02074 err 0.00009   3,23 -> 6,18
0.02073 err 0.00009   3,9 -> 6,4
0.02072 err 0.00009   14,7 -> 1,2
0.02070 err 0.00009   14,9 -> 1,4
0.02067 err 0.00009   3,7 -> 6,2
-0.02063 err 0.00009   7,31 -> 2,13
0.02059 err 0.00009   8,30 -> 11,23
-0.02058 err 0.00009   7,29 -> 6,14
-0.02058 err 0.00009   2,29 -> 1,14
-0.02057 err 0.00009   2,31 -> 13,13
-0.02057 err 0.00009   13,31 -> 8,13
0.02048 err 0.00009   13,30 -> 12,23
0.02047 err 0.00009   7,30 -> 6,23
0.02046 err 0.00009   2,30 -> 1,23
-0.02045 err 0.00009   8,15 -> 6,20
-0.02045 err 0.00009   13,29 -> 12,14
-0.02041 err 0.00009   2,15 -> 12,20
-0.02039 err 0.00009   2,20 -> 12,25
-0.02038 err 0.00009   8,29 -> 11,14
-0.02037 err 0.00009   7,15 -> 1,20
-0.02037 err 0.00009   13,18 -> 11,23
-0.02035 err 0.00009   2,18 -> 12,23
-0.02035 err 0.00009   13,15 -> 11,20
-0.02034 err 0.00009   8,20 -> 6,25
-0.02029 err 0.00009   7,18 -> 1,23
-0.02027 err 0.00009   8,9 -> 6,4
-0.02026 err 0.00009   7,20 -> 1,25
-0.02025 err 0.00009   13,20 -> 11,25
0.02024 err 0.00009   3,29 -> 6,24
-0.02024 err 0.00009   8,18 -> 6,23
-0.02022 err 0.00009   2,9 -> 12,4
0.02022 err 0.00009   14,29 -> 1,24
-0.02020 err 0.00009   7,9 -> 1,4
-0.02020 err 0.00009   13,9 -> 11,4
0.02017 err 0.00009   9,29 -> 12,24
0.02015 err 0.00009   4,29 -> 11,24
-0.01990 err 0.00009   2,14 -> 12,19
-0.01987 err 0.00009   13,14 -> 11,19
-0.01987 err 0.00009   7,14 -> 1,19
-0.01985 err 0.00009   7,12 -> 1,17
-0.01984 err 0.00009   7,9 -> 1,14
-0.01984 err 0.00009   8,14 -> 6,19
-0.01977 err 0.00009   2,12 -> 12,17
-0.01973 err 0.00009   8,9 -> 6,14
-0.01969 err 0.00009   13,9 -> 11,14
-0.01966 err 0.00009   2,9 -> 12,14
-0.01964 err 0.00009   8,12 -> 6,17
-0.01962 err 0.00009   13,12 -> 11,17
-0.01957 err 0.00009   13,28 -> 12,13
-0.01954 err 0.00009   7,28 -> 6,13
-0.01951 err 0.00009   8,28 -> 11,13
-0.01950 err 0.00009   2,28 -> 1,13
-0.01941 err 0.00009   2,8 -> 12,13
-0.01940 err 0.00009   8,8 -> 6,13
-0.01933 err 0.00009   13,8 -> 11,13
-0.01927 err 0.00009   7,8 -> 1,13
-0.01919 err 0.00009   8,27 -> 6,0
-0.01915 err 0.00009   7,27 -> 1,0
-0.01914 err 0.00009   8,24 -> 11,9
-0.01911 err 0.00009   13,24 -> 12,9
-0.01910 err 0.00009   2,27 -> 12,0
-0.01910 err 0.00009   13,7 -> 12,24
-0.01909 err 0.00009   13,27 -> 11,0
-0.01908 err 0.00009   13,16 -> 12,1
-0.01907 err 0.00009   7,7 -> 6,24
-0.01906 err 0.00009   2,7 -> 1,24
-0.01905 err 0.00009   7,16 -> 6,1
-0.01905 err 0.00009   13,23 -> 11,28
-0.01903 err 0.00009   2,24 -> 1,9
0.01902 err 0.00009   14,18 -> 1,13
-0.01902 err 0.00009   7,24 -> 6,9
-0.01902 err 0.00009   7,23 -> 1,28
-0.01900 err 0.00009   8,7 -> 11,24
-0.01899 err 0.00009   2,23 -> 12,28
0.01898 err 0.00009   4,18 -> 11,13
0.01897 err 0.00009   3,18 -> 6,13
-0.01896 err 0.00009   8,23 -> 6,28
-0.01896 err 0.00009   2,16 -> 1,1
-0.01895 err 0.00009   8,16 -> 11,1
0.01890 err 0.00009   9,18 -> 12,13
-0.01889 err 0.00009   3,22 -> 6,16
-0.01889 err 0.00009   9,22 -> 12,16
-0.01886 err 0.00009   14,22 -> 1,16
-0.01886 err 0.00009   7,19 -> 1,24
-0.01883 err 0.00009   4,22 -> 11,16
-0.01882 err 0.00009   13,19 -> 11,24
-0.01881 err 0.00009   13,6 -> 12,23
-0.01879 err 0.00009   7,6 -> 6,23
-0.01878 err 0.00009   8,19 -> 6,24
-0.01878 err 0.00009   8,6 -> 11,23
-0.01874 err 0.00009   2,19 -> 12,24
-0.01873 err 0.00009   2,6 -> 1,23
-0.01871 err 0.00009   2,30 -> 12,0
-0.01871 err 0.00009   7,30 -> 1,0
-0.01870 err 0.00009   8,30 -> 6,0
-0.01862 err 0.00009   13,30 -> 11,0
0.01856 err 0.00009   3,14 -> 6,9
0.01851 err 0.00009   14,14 -> 1,9
0.01850 err 0.00009   9,14 -> 12,9
0.01848 err 0.00009   8,31 -> 11,4
0.01847 err 0.00009   4,14 -> 11,9
0.01839 err 0.00009   7,31 -> 6,4
0.01836 err 0.00009   13,31 -> 12,4
0.01835 err 0.00009   2,31 -> 1,4
-0.01835 err 0.00009   13,24 -> 11,29
-0.01834 err 0.00009   13,0 -> 11,5
-0.01833 err 0.00009   7,24 -> 1,29
-0.01829 err 0.00009   8,0 -> 6,5
-0.01827 err 0.00009   2,0 -> 12,5
-0.01826 err 0.00009   7,0 -> 1,5
-0.01823 err 0.00009   2,8 -> 1,25
-0.01819 err 0.00009   8,24 -> 6,29
-0.01817 err 0.00009   7,8 -> 6,25
-0.01816 err 0.00009   2,25 -> 12,30
-0.01815 err 0.00009   2,24 -> 12,29
-0.01813 err 0.00009   13,8 -> 12,25
-0.01812 err 0.00009   8,26 -> 6,31
0.01811 err 0.00009   14,19 -> 1,14
-0.01811 err 0.00009   13,25 -> 11,30
0.01809 err 0.00009   3,19 -> 6,14
-0.01809 err 0.00009   7,25 -> 1,30
-0.01807 err 0.00009   13,26 -> 11,31
-0.01802 err 0.00009   2,26 -> 12,31
-0.01800 err 0.00009   8,25 -> 6,30
-0.01797 err 0.00009   8,8 -> 11,25
-0.01793 err 0.00009   7,26 -> 1,31
0.01792 err 0.00009   4,19 -> 11,14
-0.01790 err 0.00009   2,19 -> 12,14
0.01790 err 0.00009   9,19 -> 12,14
-0.01785 err 0.00009   7,19 -> 1,14
-0.01784 err 0.00009   8,19 -> 6,14
-0.01781 err 0.00009   13,19 -> 11,14
-0.01773 err 0.00009   8,7 -> 6,12
-0.01767 err 0.00009   2,7 -> 12,12
-0.01767 err 0.00009   7,7 -> 1,12
-0.01763 err 0.00009   8,1 -> 6,6
-0.01761 err 0.00009   2,1 -> 12,6
-0.01761 err 0.00009   13,1 -> 11,6
-0.01761 err 0.00009   13,7 -> 11,12
-0.01758 err 0.00009   7,30 -> 2,12
-0.01754 err 0.00009   2,29 -> 13,11
-0.01752 err 0.00009   8,29 -> 7,11
-0.01751 err 0.00009   13,30 -> 8,12
-0.01750 err 0.00009   7,1 -> 1,6
-0.01749 err 0.00009   13,29 -> 8,11
-0.01748 err 0.00009   2,30 -> 13,12
-0.01748 err 0.00009   8,30 -> 7,12
0.01747 err 0.00009   3,28 -> 6,23
-0.01746 err 0.00009   7,29 -> 2,11
-0.01740 err 0.00009   2,10 -> 1,27
-0.01738 err 0.00009   8,25 -> 11,10
-0.01738 err 0.00009   7,10 -> 6,27
-0.01737 err 0.00009   2,24 -> 12,26
0.01735 err 0.00009   14,28 -> 1,23
0.01735 err 0.00009   9,28 -> 12,23
-0.01733 err 0.00009   8,10 -> 11,27
-0.01733 err 0.00009   7,24 -> 1,26
-0.01731 err 0.00009   2,25 -> 1,10
-0.01730 err 0.00009   13,24 -> 11,26
0.01726 err 0.00009   4,28 -> 11,23
-0.01725 err 0.00009   13,25 -> 12,10
-0.01724 err 0.00009   8,24 -> 6,26
-0.01723 err 0.00009   7,25 -> 6,10
-0.01723 err 0.00009   13,10 -> 12,27
0.01682 err 0.00009   4,0 -> 11,27
-0.01675 err 0.00009   7,21 -> 6,6
-0.01675 err 0.00009   2,21 -> 1,6
0.01673 err 0.00009   3,0 -> 6,27
-0.01673 err 0.00009   13,21 -> 12,6
0.01671 err 0.00009   14,0 -> 1,27
-0.01669 err 0.00009   8,21 -> 11,6
0.01667 err 0.00009   9,0 -> 12,27
-0.01664 err 0.00009   13,22 -> 11,14
-0.01662 err 0.00009   7,22 -> 1,14
-0.01654 err 0.00009   8,22 -> 6,14
-0.01653 err 0.00009   2,22 -> 12,14
0.01652 err 0.00009   9,15 -> 12,10
-0.01642 err 0.00009   13,16 -> 11,8
0.01642 err 0.00009   14,15 -> 1,10
-0.01641 err 0.00009   8,16 -> 6,8
0.01641 err 0.00009   3,15 -> 6,10
0.01640 err 0.00009   3,6 -> 6,1
0.01638 err 0.00009   14,6 -> 1,1
-0.01638 err 0.00009   2,16 -> 12,8
0.01637 err 0.00009   4,6 -> 11,1
0.01637 err 0.00009   4,15 -> 11,10
-0.01636 err 0.00009   7,16 -> 1,8
0.01633 err 0.00009   9,6 -> 12,1
0.01631 err 0.00009   9,16 -> 12,11
0.01624 err 0.00009   4,16 -> 11,11
0.01619 err 0.00009   14,16 -> 1,11
0.01618 err 0.00009   7,14 -> 6,7
0.01614 err 0.00009   3,16 -> 6,11
0.01613 err 0.00009   2,14 -> 1,7
0.01611 err 0.00009   8,14 -> 11,7
0.01609 err 0.00009   13,14 -> 12,7
-0.01608 err 0.00009   7,23 -> 1,15
0.01606 err 0.00009   4,17 -> 11,12
-0.01605 err 0.00009   2,11 -> 1,28
-0.01602 err 0.00009   7,11 -> 6,28
-0.01600 err 0.00009   13,11 -> 12,28
-0.01595 err 0.00009   8,11 -> 11,28
0.01592 err 0.00009   3,17 -> 6,12
-0.01590 err 0.00009   8,23 -> 6,15
-0.01590 err 0.00009   8,15 -> 11,0
0.01588 err 0.00009   14,17 -> 1,12
-0.01588 err 0.00009   2,23 -> 12,15
-0.01587 err 0.00009   13,23 -> 11,15
0.01586 err 0.00009   9,17 -> 12,12
-0.01582 err 0.00009   7,15 -> 6,0
-0.01581 err 0.00009   13,15 -> 12,0
-0.01570 err 0.00009   2,15 -> 1,0
-0.01561 err 0.00009   2,17 -> 12,9
-0.01558 err 0.00009   13,26 -> 12,11
-0.01554 err 0.00009   8,26 -> 11,11
-0.01552 err 0.00009   8,17 -> 6,9
-0.01552 err 0.00009   8,5 -> 11,22
-0.01551 err 0.00009   7,5 -> 6,22
-0.01551 err 0.00009   7,17 -> 1,9
-0.01550 err 0.00009   7,26 -> 6,11
-0.01550 err 0.00009   2,26 -> 1,11
-0.01550 err 0.00009   2,5 -> 1,22
-0.01548 err 0.00009   13,5 -> 12,22
-0.01543 err 0.00009   13,17 -> 11,9
0.01529 err 0.00009   7,23 -> 6,16
-0.01526 err 0.00009   13,12 -> 12,29
-0.01525 err 0.00009   2,12 -> 1,29
0.01521 err 0.00009   8,23 -> 11,16
-0.01521 err 0.00009   7,14 -> 6,31
-0.01519 err 0.00009   8,12 -> 11,29
0.01518 err 0.00009   9,11 -> 12,6
0.01518 err 0.00009   2,23 -> 1,16
-0.01517 err 0.00009   8,13 -> 11,30
-0.01517 err 0.00009   2,27 -> 1,12
-0.01516 err 0.00009   7,12 -> 6,29
-0.01513 err 0.00009   2,14 -> 1,31
-0.01512 err 0.00009   13,14 -> 12,31
-0.01512 err 0.00009   2,13 -> 1,30
0.01510 err 0.00009   13,23 -> 12,16
0.01510 err 0.00009   3,11 -> 6,6
-0.01510 err 0.00009   13,13 -> 12,30
-0.01509 err 0.00009   8,27 -> 11,12
0.01509 err 0.00009   14,11 -> 1,6
0.01506 err 0.00009   8,15 -> 11,8
-0.01504 err 0.00009   8,14 -> 11,31
0.01502 err 0.00009   13,15 -> 12,8
-0.01502 err 0.00009   7,13 -> 6,30
0.01502 err 0.00009   7,15 -> 6,8
-0.01501 err 0.00009   8,15 -> 6,7
0.01499 err 0.00009   4,11 -> 11,6
-0.01497 err 0.00009   13,27 -> 12,12
0.01497 err 0.00009   2,15 -> 1,8
-0.01496 err 0.00009   7,2 -> 6,19
-0.01495 err 0.00009   2,2 -> 1,19
-0.01494 err 0.00009   7,27 -> 6,12
-0.01492 err 0.00009   8,2 -> 11,19
-0.01491 err 0.00009   7,15 -> 1,7
-0.01489 err 0.00009   7,1 -> 6,18
-0.01488 err 0.00009   2,15 -> 12,7
-0.01485 err 0.00009   2,1 -> 1,18
-0.01485 err 0.00009   8,1 -> 11,18
-0.01484 err 0.00009   13,1 -> 12,18
-0.01484 err 0.00009   2,3 -> 1,20
-0.01483 err 0.00009   13,2 -> 12,19
-0.01479 err 0.00009   8,17 -> 6,19
-0.01478 err 0.00009   7,3 -> 6,20
-0.01478 err 0.00009   13,15 -> 11,7
-0.01477 err 0.00009   7,0 -> 1,24
-0.01475 err 0.00009   13,17 -> 11,12
-0.01473 err 0.00009   13,3 -> 12,20
-0.01472 err 0.00009   8,3 -> 11,20
-0.01471 err 0.00009   8,17 -> 6,12
-0.01470 err 0.00009   2,17 -> 12,19
-0.01464 err 0.00009   13,17 -> 11,19
-0.01464 err 0.00009   2,17 -> 12,12
-0.01463 err 0.00009   7,4 -> 6,21
-0.01463 err 0.00009   13,4 -> 12,21
-0.01463 err 0.00009   13,21 -> 11,13
-0.01462 err 0.00009   8,0 -> 6,24
-0.01462 err 0.00009   7,21 -> 1,13
-0.01461 err 0.00009   2,4 -> 1,21
-0.01461 err 0.00009   2,21 -> 12,13
-0.01461 err 0.00009   7,17 -> 1,12
-0.01460 err 0.00009   7,17 -> 1,19
-0.01460 err 0.00009   13,0 -> 11,24
-0.01459 err 0.00009   2,0 -> 12,24
-0.01459 err 0.00009   8,4 -> 11,21
-0.01459 err 0.00009   8,20 -> 11,5
0.01459 err 0.00009   14,24 -> 1,19
0.01458 err 0.00009   4,24 -> 11,19
-0.01458 err 0.00009   13,20 -> 12,5
-0.01455 err 0.00009   7,20 -> 6,5
-0.01453 err 0.00009   8,21 -> 6,13
0.01451 err 0.00009   9,24 -> 12,19
0.01450 err 0.00009   3,24 -> 6,19
-0.01449 err 0.00009   2,20 -> 1,5
-0.01438 err 0.00009   2,25 -> 12,27
0.01434 err 0.00009   4,5 -> 11,0
0.01433 err 0.00009   14,5 -> 1,0
-0.01433 err 0.00009   8,25 -> 6,27
0.01433 err 0.00009   9,5 -> 12,0
-0.01431 err 0.00009   7,25 -> 1,27
0.01431 err 0.00009   3,5 -> 6,0
-0.01429 err 0.00009   13,25 -> 11,27
-0.01412 err 0.00009   13,19 -> 12,4
-0.01411 err 0.00009   8,19 -> 11,4
0.01408 err 0.00009   9,1 -> 12,28
0.01407 err 0.00009   3,4 -> 6,31
-0.01405 err 0.00009   7,19 -> 6,4
0.01404 err 0.00009   14,4 -> 1,31
0.01396 err 0.00009   14,1 -> 1,28
0.01396 err 0.00009   4,4 -> 11,31
-0.01395 err 0.00009   2,19 -> 1,4
0.01392 err 0.00009   3,1 -> 6,28
-0.01392 err 0.00009   7,30 -> 1,22
-0.01391 err 0.00009   2,12 -> 12,14
0.01391 err 0.00009   4,27 -> 11,22
-0.01390 err 0.00009   13,30 -> 11,22
-0.01389 err 0.00009   8,12 -> 6,14
-0.01387 err 0.00009   7,12 -> 1,14
-0.01387 err 0.00009   8,3 -> 7,17
0.01387 err 0.00009   9,4 -> 12,31
0.01384 err 0.00009   3,27 -> 6,22
-0.01384 err 0.00009   7,3 -> 2,17
-0.01383 err 0.00009   2,30 -> 12,22
-0.01382 err 0.00009   8,30 -> 6,22
0.01381 err 0.00009   9,27 -> 12,22
-0.01379 err 0.00009   2,3 -> 13,17
0.01378 err 0.00009   3,10 -> 6,5
0.01378 err 0.00009   8,17 -> 11,10
0.01378 err 0.00009   13,17 -> 12,10
0.01377 err 0.00009   7,17 -> 6,10
0.01377 err 0.00009   4,1 -> 11,28
-0.01377 err 0.00009   13,12 -> 11,14
0.01376 err 0.00009   14,10 -> 1,5
0.01376 err 0.00009   4,10 -> 11,5
-0.01373 err 0.00009   7,23 -> 1,25
0.01373 err 0.00009   14,27 -> 1,22
-0.01373 err 0.00009   8,23 -> 6,25
0.01372 err 0.00009   7,24 -> 6,17
-0.01372 err 0.00009   13,23 -> 11,25
-0.01371 err 0.00009   2,23 -> 12,25
-0.01371 err 0.00009   13,3 -> 8,17
0.01371 err 0.00009   13,24 -> 12,17
0.01370 err 0.00009   2,17 -> 1,10
-0.01370 err 0.00009   8,27 -> 7,9
-0.01369 err 0.00009   13,27 -> 8,9
0.01368 err 0.00009   14,3 -> 1,30
0.01367 err 0.00009   4,3 -> 11,30
0.01367 err 0.00009   3,3 -> 6,30
-0.01367 err 0.00009   2,18 -> 12,20
0.01366 err 0.00009   9,3 -> 12,30
0.01366 err 0.00009   9,10 -> 12,5
0.01361 err 0.00009   8,24 -> 11,17
-0.01360 err 0.00009   7,27 -> 2,9
-0.01359 err 0.00009   8,18 -> 6,20
-0.01358 err 0.00009   13,18 -> 11,20
0.01357 err 0.00009   2,24 -> 1,17
-0.01357 err 0.00009   2,27 -> 13,9
-0.01352 err 0.00009   7,18 -> 1,20
0.01336 err 0.00009   8,16 -> 11,9
0.01335 err 0.00009   14,2 -> 1,29
0.01335 err 0.00009   13,16 -> 12,9
-0.01334 err 0.00009   13,13 -> 11,8
0.01334 err 0.00009   7,16 -> 6,9
-0.01334 err 0.00009   8,13 -> 6,8
0.01330 err 0.00009   3,2 -> 6,29
-0.01328 err 0.00009   7,13 -> 1,8
-0.01328 err 0.00009   2,13 -> 12,8
0.01325 err 0.00009   9,2 -> 12,29
0.01324 err 0.00009   2,16 -> 1,9
0.01324 err 0.00009   4,2 -> 11,29
-0.01323 err 0.00009   3,21 -> 6,15
-0.01322 err 0.00009   8,16 -> 6,18
-0.01321 err 0.00009   8,18 -> 6,10
0.01321 err 0.00009   14,25 -> 1,20
-0.01319 err 0.00009   9,21 -> 12,15
-0.01315 err 0.00009   4,21 -> 11,15
0.01314 err 0.00009   9,25 -> 12,20
0.01314 err 0.00009   3,25 -> 6,20
-0.01313 err 0.00009   13,18 -> 11,10
-0.01313 err 0.00009   13,16 -> 11,18
0.01313 err 0.00009   4,25 -> 11,20
-0.01312 err 0.00009   14,21 -> 1,15
-0.01311 err 0.00009   2,16 -> 12,18
-0.01310 err 0.00009   2,18 -> 12,10
-0.01309 err 0.00009   2,5 -> 13,19
-0.01308 err 0.00009   7,16 -> 1,18
0.01307 err 0.00009   4,26 -> 11,21
-0.01307 err 0.00009   2,12 -> 12,7
-0.01306 err 0.00009   13,5 -> 8,19
-0.01304 err 0.00009   8,12 -> 6,7
-0.01303 err 0.00009   13,12 -> 11,7
0.01301 err 0.00009   14,26 -> 1,21
-0.01301 err 0.00009   7,5 -> 2,19
-0.01300 err 0.00009   8,5 -> 7,19
-0.01299 err 0.00009   7,12 -> 1,7
-0.01299 err 0.00009   2,0 -> 12,2
-0.01299 err 0.00009   7,18 -> 1,10
0.01296 err 0.00009   3,26 -> 6,21
-0.01295 err 0.00009   7,0 -> 1,2
-0.01295 err 0.00009   13,0 -> 11,2
-0.01294 err 0.00009   7,20 -> 1,15
-0.01292 err 0.00009   7,31 -> 2,10
-0.01291 err 0.00009   8,20 -> 6,15
-0.01290 err 0.00009   8,0 -> 6,2
-0.01290 err 0.00009   13,20 -> 11,15
-0.01289 err 0.00009   2,20 -> 12,15
-0.01289 err 0.00009   2,31 -> 13,10
-0.01288 err 0.00009   8,31 -> 7,10
0.01288 err 0.00009   9,26 -> 12,21
-0.01287 err 0.00009   13,31 -> 8,10
-0.01278 err 0.00009   7,6 -> 2,20
-0.01276 err 0.00009   13,6 -> 8,20
0.01274 err 0.00009   7,18 -> 6,11
-0.01274 err 0.00009   2,6 -> 13,20
-0.01270 err 0.00009   8,6 -> 7,20
0.01270 err 0.00009   13,18 -> 12,11
0.01261 err 0.00009   8,18 -> 11,11
-0.01247 err 0.00009   13,21 -> 11,16
0.01246 err 0.00009   2,18 -> 1,11
-0.01245 err 0.00009   8,21 -> 7,3
-0.01244 err 0.00009   13,21 -> 8,3
-0.01243 err 0.00009   2,21 -> 12,16
-0.01241 err 0.00009   7,21 -> 1,16
-0.01240 err 0.00009   7,21 -> 2,3
-0.01238 err 0.00009   8,21 -> 6,16
-0.01234 err 0.00009   2,21 -> 13,3
-0.01230 err 0.00009   8,7 -> 6,9
-0.01221 err 0.00009   2,7 -> 12,9
0.01221 err 0.00009   13,2 -> 12,27
-0.01214 err 0.00009   7,7 -> 1,9
-0.01213 err 0.00009   13,22 -> 11,17
-0.01212 err 0.00009   8,14 -> 6,9
-0.01212 err 0.00009   13,7 -> 11,9
-0.01211 err 0.00009   13,14 -> 11,9
0.01209 err 0.00009   2,2 -> 1,27
0.01205 err 0.00009   7,2 -> 6,27
-0.01204 err 0.00009   7,14 -> 1,9
-0.01203 err 0.00009   2,14 -> 12,9
0.01200 err 0.00009   8,2 -> 11,27
-0.01199 err 0.00009   8,22 -> 6,17
-0.01199 err 0.00009   7,15 -> 1,17
-0.01199 err 0.00009   7,22 -> 1,17
-0.01197 err 0.00009   2,15 -> 12,17
-0.01194 err 0.00009   2,22 -> 12,17
0.01193 err 0.00009   13,12 -> 12,5
0.01188 err 0.00009   2,12 -> 1,5
-0.01188 err 0.00009   8,0 -> 6,27
-0.01187 err 0.00009   13,15 -> 11,17
-0.01186 err 0.00009   8,15 -> 6,17
-0.01186 err 0.00009   13,0 -> 11,27
0.01185 err 0.00009   8,12 -> 11,5
-0.01184 err 0.00009   7,0 -> 1,27
-0.01180 err 0.00009   8,14 -> 6,16
0.01179 err 0.00009   7,12 -> 6,5
-0.01179 err 0.00009   2,0 -> 12,27
-0.01179 err 0.00009   2,18 -> 13,10
-0.01177 err 0.00009   13,30 -> 11,25
-0.01176 err 0.00009   8,15 -> 6,10
-0.01175 err 0.00009   8,30 -> 6,25
-0.01175 err 0.00009   8,18 -> 7,10
0.01173 err 0.00009   7,1 -> 6,26
-0.01173 err 0.00009   7,18 -> 2,10
-0.01172 err 0.00009   13,18 -> 8,10
-0.01172 err 0.00009   13,14 -> 11,16
-0.01171 err 0.00009   2,14 -> 12,16
-0.01169 err 0.00009   2,30 -> 12,25
0.01169 err 0.00009   2,1 -> 1,26
0.01169 err 0.00009   13,1 -> 12,26
-0.01166 err 0.00009   7,11 -> 1,13
0.01166 err 0.00009   8,1 -> 11,26
-0.01164 err 0.00009   7,14 -> 1,16
-0.01164 err 0.00009   8,11 -> 6,13
-0.01163 err 0.00009   7,15 -> 1,10
-0.01163 err 0.00009   13,11 -> 11,13
-0.01163 err 0.00009   2,11 -> 12,13
-0.01162 err 0.00009   7,30 -> 1,25
-0.01161 err 0.00009   2,15 -> 12,10
-0.01158 err 0.00009   13,15 -> 11,10
0.01140 err 0.00009   2,22 -> 1,15
0.01139 err 0.00009   7,22 -> 6,15
0.01134 err 0.00009   8,22 -> 11,15
0.01132 err 0.00009   13,22 -> 12,15
-0.01129 err 0.00009   2,29 -> 12,31
-0.01128 err 0.00009   7,29 -> 1,31
-0.01128 err 0.00009   8,29 -> 6,31
0.01127 err 0.00009   2,21 -> 1,14
-0.01125 err 0.00009   2,22 -> 12,24
-0.01124 err 0.00009   13,29 -> 11,31
0.01124 err 0.00009   13,20 -> 12,13
-0.01124 err 0.00009   8,23 -> 6,18
-0.01123 err 0.00009   13,23 -> 11,18
0.01123 err 0.00009   2,20 -> 1,13
-0.01121 err 0.00009   7,22 -> 1,24
0.01120 err 0.00009   13,21 -> 12,14
0.01119 err 0.00009   7,21 -> 6,14
-0.01118 err 0.00009   2,23 -> 12,18
-0.01117 err 0.00009   13,22 -> 11,24
0.01116 err 0.00009   8,20 -> 11,13
0.01115 err 0.00009   7,20 -> 6,13
-0.01115 err 0.00009   7,23 -> 1,18
-0.01111 err 0.00009   13,10 -> 8,24
-0.01110 err 0.00009   8,22 -> 6,24
0.01109 err 0.00009   8,21 -> 11,14
0.01108 err 0.00009   7,13 -> 6,6
0.01106 err 0.00009   13,13 -> 12,6
0.01106 err 0.00009   8,13 -> 11,6
-0.01103 err 0.00009   2,10 -> 13,24
-0.01103 err 0.00009   7,10 -> 2,24
-0.01099 err 0.00009   13,16 -> 11,11
-0.01099 err 0.00009   8,10 -> 7,24
0.01098 err 0.00009   2,13 -> 1,6
-0.01098 err 0.00009   8,16 -> 6,11
0.01095 err 0.00009   2,0 -> 1,25
-0.01092 err 0.00009   13,0 -> 12,16
0.01090 err 0.00009   13,25 -> 12,18
-0.01089 err 0.00009   2,0 -> 1,16
-0.01089 err 0.00009   2,29 -> 12,24
0.01087 err 0.00009   13,0 -> 12,25
0.01087 err 0.00009   7,25 -> 6,18
-0.01087 err 0.00009   2,16 -> 12,11
0.01086 err 0.00009   8,0 -> 11,25
-0.01086 err 0.00009   8,0 -> 11,16
-0.01086 err 0.00009   8,29 -> 6,24
-0.01086 err 0.00009   13,29 -> 11,24
0.01084 err 0.00009   2,25 -> 1,18
0.01084 err 0.00009   8,11 -> 11,4
-0.01084 err 0.00009   7,16 -> 1,11
-0.01082 err 0.00009   7,29 -> 1,24
0.01081 err 0.00009   8,25 -> 11,18
-0.01080 err 0.00009   7,0 -> 6,16
-0.01074 err 0.00009   2,22 -> 13,4
0.01073 err 0.00009   7,11 -> 6,4
0.01073 err 0.00009   7,0 -> 6,25
0.01072 err 0.00009   13,11 -> 12,4
0.01071 err 0.00009   2,11 -> 1,4
-0.01070 err 0.00009   7,22 -> 2,4
-0.01069 err 0.00009   2,4 -> 13,18
-0.01068 err 0.00009   8,22 -> 7,4
-0.01064 err 0.00009   13,22 -> 8,4
-0.01063 err 0.00009   13,21 -> 11,23
-0.01062 err 0.00009   7,4 -> 2,18
-0.01062 err 0.00009   2,8 -> 12,3
-0.01059 err 0.00009   2,21 -> 12,23
-0.01058 err 0.00009   7,8 -> 1,3
-0.01058 err 0.00009   13,4 -> 8,18
-0.01057 err 0.00009   13,8 -> 11,3
-0.01057 err 0.00009   8,4 -> 7,18
-0.01057 err 0.00009   8,27 -> 6,22
-0.01055 err 0.00009   7,21 -> 1,23
-0.01052 err 0.00009   2,27 -> 12,22
-0.01052 err 0.00009   8,21 -> 6,23
-0.01049 err 0.00009   8,8 -> 6,3
-0.01048 err 0.00009   13,27 -> 11,22
-0.01048 err 0.00009   7,27 -> 1,22
-0.01043 err 0.00009   8,7 -> 6,2
-0.01042 err 0.00009   7,11 -> 2,25
-0.01040 err 0.00009   2,7 -> 12,2
-0.01038 err 0.00009   2,11 -> 13,25
-0.01036 err 0.00009   13,11 -> 8,25
-0.01035 err 0.00009   8,11 -> 7,25
-0.01034 err 0.00009   7,7 -> 1,2
-0.01033 err 0.00009   7,24 -> 1,16
-0.01032 err 0.00009   13,24 -> 11,16
-0.01029 err 0.00009   7,6 -> 1,1
0.01025 err 0.00009   2,3 -> 1,28
-0.01025 err 0.00009   13,7 -> 11,2
0.01025 err 0.00009   7,3 -> 6,28
-0.01024 err 0.00009   8,24 -> 6,16
-0.01021 err 0.00009   8,8 -> 6,10
-0.01020 err 0.00009   2,24 -> 12,16
0.01019 err 0.00009   13,3 -> 12,28
-0.01016 err 0.00009   2,9 -> 12,1
-0.01016 err 0.00009   13,13 -> 12,7
-0.01016 err 0.00009   7,13 -> 6,7
0.01015 err 0.00009   8,3 -> 11,28
-0.01014 err 0.00009   2,28 -> 12,30
-0.01014 err 0.00009   8,13 -> 11,7
-0.01014 err 0.00009   8,6 -> 6,1
-0.01014 err 0.00009   2,6 -> 12,1
-0.01014 err 0.00009   13,28 -> 11,30
-0.01013 err 0.00009   7,9 -> 1,1
-0.01012 err 0.00009   2,13 -> 1,7
-0.01012 err 0.00009   13,6 -> 11,1
-0.01009 err 0.00009   7,28 -> 1,30
-0.01008 err 0.00009   8,28 -> 6,30
-0.01007 err 0.00009   7,8 -> 1,10
-0.01007 err 0.00009   7,24 -> 1,19
-0.01006 err 0.00009   13,9 -> 11,1
-0.01006 err 0.00009   2,8 -> 12,10
-0.01006 err 0.00009   13,8 -> 11,10
-0.01006 err 0.00009   13,24 -> 11,19
-0.01004 err 0.00009   8,9 -> 6,1
-0.01003 err 0.00009   8,24 -> 6,19
-0.01003 err 0.00009   13,1 -> 11,28
-0.01003 err 0.00009   2,24 -> 12,19
-0.01001 err 0.00009   8,1 -> 6,28