-0.1952 err 0.0002   7,31 -> 6,26
-0.1950 err 0.0002   8,31 -> 11,26
-0.1949 err 0.0002   13,31 -> 12,26
-0.1949 err 0.0002   2,31 -> 1,26
0.1739 err 0.0003   7,31 -> 1,12
0.1736 err 0.0003   2,31 -> 12,12
0.1735 err 0.0003   8,31 -> 6,12
0.1734 err 0.0003   13,31 -> 11,12
0.1659 err 0.0003   2,31 -> 1,17
0.1659 err 0.0003   8,31 -> 11,17
0.1659 err 0.0003   13,31 -> 12,17
0.1659 err 0.0003   7,31 -> 6,17
-0.1306 err 0.0002   13,31 -> 11,14
-0.1305 err 0.0002   2,31 -> 12,14
-0.1304 err 0.0002   8,31 -> 6,14
-0.1303 err 0.0002   7,31 -> 1,14
0.1261 err 0.0003   7,30 -> 1,11
0.1261 err 0.0003   2,30 -> 12,11
0.1260 err 0.0003   13,30 -> 11,11
0.1258 err 0.0003   8,30 -> 6,11
0.1219 err 0.0003   2,2 -> 12,15
0.1219 err 0.0003   13,2 -> 11,15
0.1218 err 0.0003   7,2 -> 1,15
0.1217 err 0.0003   8,2 -> 6,15
0.1133 err 0.0003   13,30 -> 12,16
0.1130 err 0.0003   8,30 -> 11,16
0.1128 err 0.0003   2,30 -> 1,16
0.1127 err 0.0003   7,30 -> 6,16
0.1101 err 0.0003   2,31 -> 12,24
0.1100 err 0.0003   13,31 -> 11,24
0.1099 err 0.0003   7,31 -> 1,24
0.1097 err 0.0003   8,31 -> 6,24
0.1093 err 0.0003   2,31 -> 12,5
0.1093 err 0.0003   7,31 -> 1,5
0.1092 err 0.0003   13,31 -> 11,5
0.1092 err 0.0003   8,31 -> 6,5
0.1055 err 0.0003   13,12 -> 11,25
0.1054 err 0.0003   2,27 -> 12,8
0.1054 err 0.0003   13,27 -> 11,8
0.1054 err 0.0003   8,27 -> 6,8
0.1053 err 0.0003   7,12 -> 1,25
0.1053 err 0.0003   7,27 -> 1,8
0.1053 err 0.0003   8,12 -> 6,25
0.1052 err 0.0003   2,12 -> 12,25
0.1051 err 0.0003   2,3 -> 12,16
0.1051 err 0.0003   8,3 -> 6,16
0.1050 err 0.0003   13,3 -> 11,16
0.1046 err 0.0003   7,3 -> 1,16
0.1040 err 0.0003   13,29 -> 11,10
0.1039 err 0.0003   7,1 -> 1,14
0.1039 err 0.0003   2,29 -> 12,10
0.1039 err 0.0003   2,1 -> 12,14
0.1038 err 0.0003   13,1 -> 11,14
0.1038 err 0.0003   8,29 -> 6,10
0.1037 err 0.0003   8,1 -> 6,14
0.1037 err 0.0003   13,0 -> 11,13
0.1036 err 0.0003   7,0 -> 1,13
0.1035 err 0.0003   2,0 -> 12,13
0.1034 err 0.0003   7,29 -> 1,10
0.1034 err 0.0003   8,0 -> 6,13
0.1034 err 0.0003   8,26 -> 6,7
0.1031 err 0.0003   2,26 -> 12,7
0.1031 err 0.0003   7,26 -> 1,7
0.1029 err 0.0003   13,26 -> 11,7
0.1009 err 0.0003   2,13 -> 12,26
0.1007 err 0.0003   8,13 -> 6,26
0.1007 err 0.0003   13,13 -> 11,26
0.1007 err 0.0003   7,13 -> 1,26
-0.0984 err 0.0002   13,18 -> 11,1
-0.0984 err 0.0002   2,18 -> 12,1
-0.0982 err 0.0002   7,18 -> 1,1
-0.0979 err 0.0002   8,18 -> 6,1
0.0978 err 0.0003   7,11 -> 1,24
0.0977 err 0.0003   13,11 -> 11,24
0.0977 err 0.0003   8,11 -> 6,24
0.0975 err 0.0003   2,11 -> 12,24
-0.0957 err 0.0002   2,12 -> 1,7
-0.0956 err 0.0002   7,12 -> 6,7
-0.0954 err 0.0002   13,12 -> 12,7
-0.0953 err 0.0002   8,12 -> 11,7
0.0948 err 0.0003   13,29 -> 11,3
0.0947 err 0.0003   2,29 -> 12,3
0.0945 err 0.0003   7,29 -> 1,3
0.0945 err 0.0003   8,29 -> 6,3
0.0936 err 0.0003   13,2 -> 11,8
0.0936 err 0.0003   8,2 -> 6,8
0.0936 err 0.0003   7,2 -> 1,8
0.0935 err 0.0003   2,30 -> 12,4
0.0935 err 0.0003   2,2 -> 12,8
0.0934 err 0.0003   7,30 -> 1,4
0.0934 err 0.0003   8,30 -> 6,4
0.0933 err 0.0003   13,30 -> 11,4
0.0928 err 0.0003   8,1 -> 6,7
0.0928 err 0.0003   2,1 -> 12,7
-0.0928 err 0.0002   8,0 -> 6,15
0.0926 err 0.0003   7,1 -> 1,7
-0.0926 err 0.0002   2,0 -> 12,15
0.0926 err 0.0003   13,1 -> 11,7
0.0925 err 0.0003   8,28 -> 6,9
0.0924 err 0.0003   2,28 -> 12,9
0.0924 err 0.0003   13,28 -> 11,9
-0.0924 err 0.0002   7,0 -> 1,15
0.0922 err 0.0003   7,28 -> 1,9
-0.0921 err 0.0002   13,0 -> 11,15
0.0887 err 0.0003   7,17 -> 1,30
0.0886 err 0.0003   8,21 -> 11,7
0.0885 err 0.0003   7,21 -> 6,7
0.0884 err 0.0003   2,17 -> 12,30
0.0884 err 0.0003   8,17 -> 6,30
0.0883 err 0.0003   2,21 -> 1,7
0.0883 err 0.0003   7,4 -> 1,17
0.0883 err 0.0003   13,17 -> 11,30
0.0882 err 0.0003   13,4 -> 11,17
0.0882 err 0.0003   13,21 -> 12,7
0.0881 err 0.0003   8,4 -> 6,17
0.0880 err 0.0003   7,16 -> 1,29
0.0878 err 0.0003   8,16 -> 6,29
0.0878 err 0.0003   2,4 -> 12,17
0.0877 err 0.0003   2,16 -> 12,29
0.0875 err 0.0003   2,20 -> 12,1
0.0875 err 0.0003   7,20 -> 1,1
0.0874 err 0.0003   8,20 -> 6,1
0.0874 err 0.0003   13,20 -> 11,1
0.0874 err 0.0003   13,16 -> 11,29
0.0852 err 0.0003   7,21 -> 1,2
0.0852 err 0.0003   2,21 -> 12,2
0.0852 err 0.0003   8,21 -> 6,2
0.0850 err 0.0003   13,21 -> 11,2
0.0847 err 0.0003   2,10 -> 12,23
0.0845 err 0.0003   13,15 -> 11,28
0.0845 err 0.0003   8,10 -> 6,23
0.0844 err 0.0003   7,10 -> 1,23
0.0843 err 0.0003   2,15 -> 12,28
0.0843 err 0.0003   13,10 -> 11,23
0.0843 err 0.0003   7,15 -> 1,28
0.0842 err 0.0003   8,15 -> 6,28
-0.0832 err 0.0002   13,31 -> 12,16
-0.0831 err 0.0002   2,31 -> 1,16
-0.0830 err 0.0002   7,31 -> 6,16
-0.0828 err 0.0002   8,31 -> 11,16
0.0821 err 0.0003   2,18 -> 12,31
0.0820 err 0.0003   7,18 -> 1,31
0.0819 err 0.0003   13,18 -> 11,31
0.0817 err 0.0003   8,18 -> 6,31
0.0810 err 0.0003   8,20 -> 6,26
0.0809 err 0.0003   2,20 -> 12,26
0.0809 err 0.0003   7,20 -> 1,26
0.0805 err 0.0003   13,20 -> 11,26
-0.0804 err 0.0002   13,30 -> 12,25
-0.0800 err 0.0002   2,30 -> 1,25
-0.0799 err 0.0002   8,30 -> 11,25
-0.0798 err 0.0002   7,30 -> 6,25
0.0796 err 0.0003   8,5 -> 6,11
0.0796 err 0.0003   13,5 -> 11,11
0.0795 err 0.0003   7,5 -> 1,11
0.0792 err 0.0003   2,5 -> 12,11
0.0789 err 0.0003   13,28 -> 11,2
0.0787 err 0.0003   2,28 -> 12,2
0.0787 err 0.0003   7,28 -> 1,2
0.0786 err 0.0003   8,28 -> 6,2
0.0786 err 0.0003   8,17 -> 11,3
0.0785 err 0.0003   8,22 -> 6,3
0.0784 err 0.0003   2,17 -> 1,3
0.0784 err 0.0003   2,14 -> 12,27
0.0784 err 0.0003   13,17 -> 12,3
0.0784 err 0.0003   13,22 -> 11,3
0.0782 err 0.0003   13,14 -> 11,27
0.0782 err 0.0003   7,14 -> 1,27
0.0782 err 0.0003   7,22 -> 1,3
0.0782 err 0.0003   2,22 -> 12,3
0.0782 err 0.0003   7,17 -> 6,3
0.0782 err 0.0003   8,14 -> 6,27
-0.0780 err 0.0002   13,13 -> 12,8
-0.0779 err 0.0002   2,13 -> 1,8
-0.0778 err 0.0002   8,13 -> 11,8
-0.0776 err 0.0002   7,13 -> 6,8
0.0771 err 0.0003   8,22 -> 11,8
0.0768 err 0.0003   7,22 -> 6,8
0.0767 err 0.0003   13,22 -> 12,8
0.0767 err 0.0003   2,22 -> 1,8
0.0761 err 0.0003   13,18 -> 12,4
0.0760 err 0.0003   8,18 -> 11,4
-0.0759 err 0.0002   2,31 -> 12,11
-0.0759 err 0.0002   13,31 -> 11,11
0.0759 err 0.0003   7,18 -> 6,4
0.0759 err 0.0003   8,6 -> 6,12
0.0758 err 0.0003   2,18 -> 1,4
-0.0757 err 0.0002   8,31 -> 6,11
-0.0756 err 0.0002   7,31 -> 1,11
0.0756 err 0.0003   2,6 -> 12,12
0.0756 err 0.0003   2,5 -> 12,18
0.0755 err 0.0003   8,5 -> 6,18
0.0754 err 0.0003   2,21 -> 12,27
0.0754 err 0.0003   13,6 -> 11,12
-0.0754 err 0.0002   13,25 -> 11,8
0.0754 err 0.0003   7,6 -> 1,12
0.0753 err 0.0003   8,21 -> 6,27
0.0753 err 0.0003   13,5 -> 11,18
0.0752 err 0.0003   7,5 -> 1,18
-0.0752 err 0.0002   2,25 -> 12,8
-0.0751 err 0.0002   7,25 -> 1,8
-0.0750 err 0.0002   8,25 -> 6,8
0.0750 err 0.0003   13,21 -> 11,27
0.0749 err 0.0003   7,21 -> 1,27
-0.0745 err 0.0002   2,24 -> 12,7
-0.0744 err 0.0002   8,24 -> 6,7
0.0743 err 0.0003   13,29 -> 12,15
0.0743 err 0.0003   2,29 -> 1,15
-0.0743 err 0.0002   7,24 -> 1,7
0.0743 err 0.0003   8,29 -> 11,15
-0.0741 err 0.0002   13,24 -> 11,7
0.0741 err 0.0003   7,29 -> 6,15
0.0740 err 0.0003   13,27 -> 11,1
0.0739 err 0.0003   2,9 -> 12,15
0.0738 err 0.0003   13,9 -> 11,15
0.0738 err 0.0003   2,27 -> 12,1
0.0737 err 0.0003   8,27 -> 6,1
0.0737 err 0.0003   7,27 -> 1,1
0.0737 err 0.0003   7,9 -> 1,15
0.0735 err 0.0003   8,9 -> 6,15
0.0733 err 0.0003   13,4 -> 11,10
0.0732 err 0.0003   7,4 -> 1,10
0.0729 err 0.0003   2,4 -> 12,10
0.0729 err 0.0003   8,4 -> 6,10
0.0724 err 0.0003   8,6 -> 6,19
0.0723 err 0.0003   13,23 -> 11,4
0.0723 err 0.0003   7,23 -> 1,4
0.0723 err 0.0003   8,23 -> 6,4
0.0723 err 0.0003   2,6 -> 12,19
0.0722 err 0.0003   2,23 -> 12,4
0.0722 err 0.0003   13,6 -> 11,19
0.0722 err 0.0003   7,6 -> 1,19
0.0719 err 0.0003   2,13 -> 12,19
0.0719 err 0.0003   13,13 -> 11,19
0.0719 err 0.0003   8,13 -> 6,19
0.0718 err 0.0003   2,9 -> 12,22
0.0717 err 0.0003   8,9 -> 6,22
0.0717 err 0.0003   7,9 -> 1,22
0.0716 err 0.0003   7,13 -> 1,19
0.0714 err 0.0003   13,9 -> 11,22
0.0712 err 0.0003   13,10 -> 11,16
0.0711 err 0.0003   8,10 -> 6,16
0.0710 err 0.0003   2,10 -> 12,16
0.0709 err 0.0003   7,10 -> 1,16
0.0703 err 0.0003   7,3 -> 1,9
0.0700 err 0.0003   2,3 -> 12,9
0.0700 err 0.0003   13,3 -> 11,9
0.0699 err 0.0003   8,3 -> 6,9
0.0694 err 0.0003   8,8 -> 6,21
0.0693 err 0.0003   7,25 -> 1,6
0.0692 err 0.0003   8,24 -> 6,5
0.0692 err 0.0003   7,8 -> 1,21
0.0692 err 0.0003   7,24 -> 1,5
0.0692 err 0.0003   2,8 -> 12,21
0.0692 err 0.0003   2,24 -> 12,5
0.0692 err 0.0003   13,8 -> 11,21
0.0690 err 0.0003   13,25 -> 11,6
0.0690 err 0.0003   8,25 -> 6,6
0.0690 err 0.0003   13,24 -> 11,5
0.0688 err 0.0003   2,25 -> 12,6
0.0684 err 0.0003   8,12 -> 6,18
0.0684 err 0.0003   13,19 -> 11,0
0.0683 err 0.0003   13,7 -> 11,20
0.0683 err 0.0003   2,7 -> 12,20
0.0683 err 0.0003   8,7 -> 6,20
0.0683 err 0.0003   7,19 -> 1,0
0.0683 err 0.0003   7,7 -> 1,20
0.0682 err 0.0003   13,12 -> 11,18
0.0680 err 0.0003   2,19 -> 12,0
0.0679 err 0.0003   8,19 -> 6,0
0.0679 err 0.0003   2,12 -> 12,18
0.0679 err 0.0003   7,12 -> 1,18
0.0678 err 0.0003   8,0 -> 11,18
0.0677 err 0.0003   2,0 -> 1,18
0.0674 err 0.0003   7,0 -> 6,18
0.0673 err 0.0003   13,0 -> 12,18
0.0672 err 0.0003   8,30 -> 6,23
0.0670 err 0.0003   13,30 -> 11,23
0.0667 err 0.0003   2,30 -> 12,23
0.0667 err 0.0003   7,30 -> 1,23
0.0665 err 0.0003   8,8 -> 11,26
0.0664 err 0.0003   13,8 -> 12,26
0.0660 err 0.0003   2,8 -> 1,26
0.0659 err 0.0003   2,22 -> 12,28
0.0658 err 0.0003   7,22 -> 1,28
0.0657 err 0.0003   13,22 -> 11,28
0.0657 err 0.0003   8,22 -> 6,28
0.0657 err 0.0003   2,11 -> 12,17
0.0657 err 0.0003   7,8 -> 6,26
0.0657 err 0.0003   8,11 -> 6,17
0.0656 err 0.0003   13,11 -> 11,17
0.0655 err 0.0003   7,11 -> 1,17
0.0642 err 0.0003   13,16 -> 12,2
0.0642 err 0.0003   2,16 -> 1,2
-0.0640 err 0.0002   8,31 -> 7,14
-0.0639 err 0.0002   7,31 -> 2,14
-0.0639 err 0.0002   13,31 -> 8,14
0.0638 err 0.0003   8,16 -> 11,2
0.0637 err 0.0003   7,16 -> 6,2
-0.0637 err 0.0002   2,31 -> 13,14
0.0628 err 0.0003   2,17 -> 12,23
0.0625 err 0.0003   7,17 -> 1,23
0.0624 err 0.0003   8,17 -> 6,23
0.0624 err 0.0003   13,17 -> 11,23
0.0620 err 0.0003   2,16 -> 12,22
0.0620 err 0.0003   13,16 -> 11,22
0.0617 err 0.0003   7,16 -> 1,22
-0.0616 err 0.0002   2,31 -> 12,1
-0.0615 err 0.0002   7,31 -> 1,1
0.0614 err 0.0003   8,16 -> 6,22
0.0612 err 0.0003   13,15 -> 11,21
-0.0612 err 0.0002   13,31 -> 11,1
-0.0611 err 0.0002   8,31 -> 6,1
0.0611 err 0.0003   8,18 -> 6,24
0.0611 err 0.0003   2,15 -> 12,21
0.0610 err 0.0003   7,15 -> 1,21
0.0610 err 0.0003   2,18 -> 12,24
0.0609 err 0.0003   7,18 -> 1,24
0.0609 err 0.0003   13,18 -> 11,24
0.0608 err 0.0003   8,28 -> 11,14
0.0607 err 0.0003   8,15 -> 6,21
0.0604 err 0.0003   2,28 -> 1,14
0.0604 err 0.0003   13,28 -> 12,14
0.0604 err 0.0003   7,28 -> 6,14
-0.0603 err 0.0002   8,27 -> 7,10
-0.0601 err 0.0002   7,27 -> 2,10
-0.0601 err 0.0002   13,27 -> 8,10
-0.0600 err 0.0002   2,27 -> 13,10
0.0600 err 0.0003   2,14 -> 12,20
0.0599 err 0.0003   8,14 -> 6,20
0.0598 err 0.0003   7,14 -> 1,20
0.0596 err 0.0003   13,14 -> 11,20
0.0594 err 0.0003   7,19 -> 1,25
0.0592 err 0.0003   13,27 -> 12,13
0.0591 err 0.0003   7,27 -> 6,13
0.0591 err 0.0003   2,27 -> 1,13
0.0591 err 0.0003   8,27 -> 11,13
0.0591 err 0.0003   8,19 -> 6,25
0.0591 err 0.0003   13,19 -> 11,25
0.0590 err 0.0003   8,8 -> 6,14
0.0590 err 0.0003   8,23 -> 11,9
0.0589 err 0.0003   2,19 -> 12,25
-0.0589 err 0.0002   7,17 -> 1,0
0.0589 err 0.0003   13,8 -> 11,14
0.0589 err 0.0003   2,8 -> 12,14
0.0588 err 0.0003   2,23 -> 1,9
0.0588 err 0.0003   7,23 -> 6,9
0.0588 err 0.0003   13,23 -> 12,9
0.0586 err 0.0003   7,8 -> 1,14
-0.0586 err 0.0002   13,17 -> 11,0
-0.0586 err 0.0002   2,17 -> 12,0
0.0585 err 0.0003   2,7 -> 12,13
-0.0583 err 0.0002   8,17 -> 6,0
0.0583 err 0.0003   8,7 -> 6,13
0.0583 err 0.0003   7,7 -> 1,13
0.0582 err 0.0003   2,9 -> 1,27
0.0582 err 0.0003   13,7 -> 11,13
0.0580 err 0.0003   13,9 -> 12,27
0.0579 err 0.0003   8,9 -> 11,27
0.0578 err 0.0003   7,9 -> 6,27
0.0574 err 0.0003   2,23 -> 12,29
0.0574 err 0.0003   7,23 -> 1,29
0.0572 err 0.0003   8,23 -> 6,29
0.0570 err 0.0003   13,23 -> 11,29
0.0568 err 0.0003   13,6 -> 12,24
0.0566 err 0.0003   8,6 -> 11,24
0.0564 err 0.0003   2,6 -> 1,24
0.0564 err 0.0003   7,6 -> 6,24
-0.0564 err 0.0002   13,30 -> 11,13
0.0564 err 0.0003   8,26 -> 6,0
-0.0564 err 0.0002   2,30 -> 12,13
-0.0563 err 0.0002   7,30 -> 1,13
0.0563 err 0.0003   13,26 -> 11,0
-0.0563 err 0.0002   8,30 -> 6,13
0.0563 err 0.0003   7,24 -> 1,30
0.0562 err 0.0003   13,24 -> 11,30
0.0561 err 0.0003   8,0 -> 6,6
0.0561 err 0.0003   2,0 -> 12,6
0.0561 err 0.0003   2,24 -> 12,30
0.0561 err 0.0003   7,26 -> 1,0
0.0561 err 0.0003   8,24 -> 6,30
0.0561 err 0.0003   7,0 -> 1,6
-0.0561 err 0.0002   13,29 -> 8,12
0.0560 err 0.0003   8,25 -> 6,31
0.0559 err 0.0003   2,26 -> 12,0
0.0558 err 0.0003   13,25 -> 11,31
0.0558 err 0.0003   13,0 -> 11,6
-0.0558 err 0.0002   7,29 -> 2,12
0.0558 err 0.0003   2,25 -> 12,31
-0.0557 err 0.0002   2,29 -> 13,12
-0.0556 err 0.0002   8,29 -> 7,12
0.0556 err 0.0003   7,25 -> 1,31
0.0555 err 0.0003   8,5 -> 11,23
0.0555 err 0.0003   2,7 -> 1,25
0.0553 err 0.0003   2,22 -> 12,15
0.0553 err 0.0003   7,5 -> 6,23
0.0552 err 0.0003   8,22 -> 6,15
0.0552 err 0.0003   2,5 -> 1,23
0.0551 err 0.0003   13,5 -> 12,23
0.0551 err 0.0003   7,7 -> 6,25
0.0550 err 0.0003   7,22 -> 1,15
0.0550 err 0.0003   13,7 -> 12,25
0.0549 err 0.0003   8,7 -> 11,25
0.0549 err 0.0003   13,22 -> 11,15
-0.0540 err 0.0002   7,30 -> 2,13
-0.0539 err 0.0002   8,30 -> 7,13
-0.0539 err 0.0002   13,30 -> 8,13
-0.0538 err 0.0002   2,30 -> 13,13
0.0526 err 0.0003   2,24 -> 1,10
0.0524 err 0.0003   8,24 -> 11,10
0.0523 err 0.0003   2,15 -> 12,8
0.0523 err 0.0003   7,24 -> 6,10
-0.0523 err 0.0002   8,28 -> 7,11
0.0522 err 0.0003   13,24 -> 12,10
-0.0522 err 0.0002   13,28 -> 8,11
0.0522 err 0.0003   13,15 -> 11,8
-0.0521 err 0.0002   2,28 -> 13,11
-0.0521 err 0.0002   7,28 -> 2,11
0.0520 err 0.0003   7,15 -> 1,8
0.0519 err 0.0003   8,15 -> 6,8
0.0518 err 0.0003   13,21 -> 11,14
0.0518 err 0.0003   7,21 -> 1,14
0.0517 err 0.0003   2,15 -> 1,1
0.0516 err 0.0003   7,15 -> 6,1
0.0515 err 0.0003   2,21 -> 12,14
0.0515 err 0.0003   8,15 -> 11,1
0.0515 err 0.0003   8,21 -> 6,14
0.0513 err 0.0003   13,15 -> 12,1
-0.0512 err 0.0002   2,18 -> 1,13
-0.0511 err 0.0002   7,18 -> 6,13
-0.0510 err 0.0002   8,18 -> 11,13
-0.0508 err 0.0002   13,18 -> 12,13
0.0506 err 0.0003   13,20 -> 12,6
0.0505 err 0.0003   2,20 -> 1,6
0.0505 err 0.0003   7,20 -> 6,6
0.0504 err 0.0003   8,20 -> 11,6
-0.0503 err 0.0002   2,11 -> 12,26
-0.0503 err 0.0002   13,12 -> 11,27
0.0502 err 0.0003   2,10 -> 1,28
-0.0502 err 0.0002   8,12 -> 6,27
0.0502 err 0.0003   13,10 -> 12,28
-0.0501 err 0.0002   13,11 -> 11,26
0.0501 err 0.0003   13,25 -> 12,11
0.0501 err 0.0003   7,10 -> 6,28
0.0501 err 0.0003   8,25 -> 11,11
-0.0500 err 0.0002   8,11 -> 6,26
0.0500 err 0.0003   7,25 -> 6,11
0.0500 err 0.0003   8,10 -> 11,28
-0.0500 err 0.0002   7,12 -> 1,27
-0.0500 err 0.0002   2,12 -> 12,27
0.0499 err 0.0003   2,25 -> 1,11
-0.0499 err 0.0002   7,11 -> 1,26
0.0497 err 0.0003   8,14 -> 6,7
0.0496 err 0.0003   2,14 -> 12,7
0.0494 err 0.0003   7,14 -> 1,7
0.0491 err 0.0003   9,21 -> 12,16
0.0491 err 0.0003   7,17 -> 1,10
0.0490 err 0.0003   14,21 -> 1,16
0.0490 err 0.0003   13,14 -> 11,7
0.0489 err 0.0003   2,17 -> 12,10
0.0489 err 0.0003   13,17 -> 11,10
0.0489 err 0.0003   8,17 -> 6,10
0.0489 err 0.0003   3,21 -> 6,16
0.0487 err 0.0003   4,21 -> 11,16
-0.0482 err 0.0002   2,30 -> 12,10
-0.0480 err 0.0002   8,30 -> 6,10
0.0480 err 0.0002   7,16 -> 1,9
0.0480 err 0.0002   8,14 -> 11,0
0.0480 err 0.0002   8,16 -> 6,9
0.0480 err 0.0002   13,14 -> 12,0
0.0479 err 0.0002   13,4 -> 12,22
0.0479 err 0.0002   13,11 -> 12,29
0.0479 err 0.0002   8,4 -> 11,22
0.0479 err 0.0002   2,26 -> 1,12
0.0479 err 0.0002   2,14 -> 1,0
0.0479 err 0.0002   2,4 -> 1,22
-0.0478 err 0.0002   13,30 -> 11,10
0.0478 err 0.0002   7,4 -> 6,22
0.0478 err 0.0002   7,14 -> 6,0
0.0478 err 0.0002   7,11 -> 6,29
0.0478 err 0.0002   2,11 -> 1,29
0.0478 err 0.0002   8,26 -> 11,12
0.0477 err 0.0002   7,26 -> 6,12
0.0477 err 0.0002   13,16 -> 11,9
-0.0477 err 0.0002   13,10 -> 11,25
0.0476 err 0.0002   2,13 -> 1,31
0.0476 err 0.0002   2,16 -> 12,9
0.0476 err 0.0002   8,12 -> 11,30
0.0476 err 0.0002   7,12 -> 6,30
0.0475 err 0.0002   13,12 -> 12,30
-0.0475 err 0.0002   7,10 -> 1,25
0.0475 err 0.0002   2,12 -> 1,30
-0.0475 err 0.0002   7,30 -> 1,10
0.0475 err 0.0002   13,26 -> 12,12
-0.0475 err 0.0002   2,26 -> 12,9
0.0475 err 0.0002   8,11 -> 11,29
-0.0474 err 0.0002   13,26 -> 11,9
-0.0474 err 0.0002   7,26 -> 1,9
0.0474 err 0.0002   8,13 -> 11,31
-0.0474 err 0.0002   13,29 -> 12,24
-0.0473 err 0.0002   8,10 -> 6,25
-0.0473 err 0.0002   2,10 -> 12,25
0.0473 err 0.0002   13,13 -> 12,31
0.0473 err 0.0002   7,13 -> 6,31
0.0473 err 0.0002   14,22 -> 1,17
-0.0472 err 0.0002   8,26 -> 7,9
-0.0472 err 0.0002   7,29 -> 6,24
0.0471 err 0.0002   4,22 -> 11,17
0.0471 err 0.0002   3,22 -> 6,17
-0.0471 err 0.0002   8,29 -> 11,24
-0.0471 err 0.0002   8,26 -> 6,9
-0.0470 err 0.0002   2,29 -> 1,24
0.0470 err 0.0002   9,22 -> 12,17
-0.0470 err 0.0002   13,26 -> 8,9
-0.0470 err 0.0002   7,26 -> 2,9
0.0469 err 0.0002   2,23 -> 12,16
0.0468 err 0.0002   13,23 -> 11,16
0.0468 err 0.0002   2,20 -> 12,13
-0.0467 err 0.0002   2,26 -> 13,9
0.0466 err 0.0002   7,23 -> 1,16
0.0466 err 0.0002   8,23 -> 6,16
0.0465 err 0.0002   13,20 -> 11,13
-0.0465 err 0.0002   8,13 -> 6,28
0.0465 err 0.0002   8,20 -> 6,13
0.0465 err 0.0002   2,3 -> 1,21
0.0464 err 0.0002   7,19 -> 6,5
0.0464 err 0.0002   8,3 -> 11,21
-0.0464 err 0.0002   7,2 -> 2,17
0.0464 err 0.0002   13,3 -> 12,21
0.0464 err 0.0002   7,20 -> 1,13
0.0464 err 0.0002   7,3 -> 6,21
-0.0463 err 0.0002   2,2 -> 13,17
-0.0463 err 0.0002   8,2 -> 7,17
0.0463 err 0.0002   7,2 -> 6,20
0.0463 err 0.0002   13,1 -> 12,19
-0.0463 err 0.0002   13,13 -> 11,28
0.0462 err 0.0002   13,2 -> 12,20
-0.0462 err 0.0002   13,2 -> 8,17
0.0462 err 0.0002   2,2 -> 1,20
0.0462 err 0.0002   8,2 -> 11,20
0.0461 err 0.0002   8,19 -> 11,5
0.0461 err 0.0002   2,19 -> 1,5
-0.0460 err 0.0002   2,13 -> 12,28
0.0460 err 0.0002   13,19 -> 12,5
0.0460 err 0.0002   8,1 -> 11,19
0.0460 err 0.0002   7,1 -> 6,19
0.0459 err 0.0002   2,1 -> 1,19
-0.0458 err 0.0002   7,13 -> 1,28
-0.0457 err 0.0002   13,1 -> 11,16
-0.0456 err 0.0002   2,1 -> 12,16
-0.0456 err 0.0002   8,9 -> 6,24
-0.0455 err 0.0002   7,9 -> 1,24
-0.0455 err 0.0002   7,1 -> 1,16
-0.0455 err 0.0002   13,29 -> 11,12
-0.0454 err 0.0002   13,9 -> 11,24
-0.0454 err 0.0002   8,1 -> 6,16
-0.0454 err 0.0002   2,9 -> 12,24
-0.0453 err 0.0002   2,21 -> 1,16
-0.0453 err 0.0002   2,29 -> 12,12
-0.0452 err 0.0002   7,29 -> 1,12
-0.0452 err 0.0002   8,29 -> 6,12
0.0452 err 0.0002   2,0 -> 12,25
-0.0452 err 0.0002   13,21 -> 12,16
-0.0451 err 0.0002   7,21 -> 6,16
0.0450 err 0.0002   7,0 -> 1,25
-0.0450 err 0.0002   8,22 -> 11,17
-0.0449 err 0.0002   8,21 -> 11,16
0.0448 err 0.0002   8,0 -> 6,25
-0.0448 err 0.0002   2,3 -> 12,15
-0.0447 err 0.0002   13,3 -> 11,15
0.0447 err 0.0002   13,0 -> 11,25
-0.0446 err 0.0002   7,3 -> 1,15
-0.0446 err 0.0002   13,22 -> 12,17
-0.0446 err 0.0002   2,22 -> 1,17
-0.0446 err 0.0002   8,3 -> 6,15
-0.0444 err 0.0002   7,22 -> 6,17
0.0442 err 0.0002   9,31 -> 12,26
0.0442 err 0.0002   13,18 -> 11,11
0.0441 err 0.0002   8,18 -> 6,11
0.0441 err 0.0002   4,31 -> 11,26
0.0441 err 0.0002   3,31 -> 6,26
-0.0440 err 0.0002   8,5 -> 7,20
0.0440 err 0.0002   14,31 -> 1,26
-0.0440 err 0.0002   13,5 -> 8,20
-0.0440 err 0.0002   7,5 -> 2,20
-0.0440 err 0.0002   8,18 -> 6,13
0.0439 err 0.0002   7,18 -> 1,11
-0.0439 err 0.0002   7,28 -> 1,11
0.0439 err 0.0002   2,18 -> 12,11
-0.0438 err 0.0002   2,18 -> 12,13
-0.0437 err 0.0002   13,8 -> 11,23
-0.0437 err 0.0002   2,5 -> 13,20
-0.0436 err 0.0002   2,28 -> 12,11
-0.0436 err 0.0002   8,28 -> 6,11
-0.0436 err 0.0002   7,18 -> 1,13
-0.0436 err 0.0002   13,28 -> 11,11
-0.0436 err 0.0002   13,18 -> 11,13
-0.0435 err 0.0002   7,27 -> 1,10
-0.0433 err 0.0002   2,27 -> 12,10
-0.0433 err 0.0002   13,27 -> 11,10
-0.0432 err 0.0002   2,8 -> 12,23
-0.0432 err 0.0002   7,17 -> 6,12
-0.0432 err 0.0002   2,17 -> 1,12
-0.0431 err 0.0002   8,27 -> 6,10
-0.0430 err 0.0002   8,0 -> 11,27
-0.0430 err 0.0002   13,17 -> 12,12
-0.0430 err 0.0002   7,0 -> 6,27
-0.0428 err 0.0002   8,8 -> 6,23
-0.0428 err 0.0002   8,17 -> 11,12
-0.0428 err 0.0002   7,8 -> 1,23
-0.0428 err 0.0002   13,0 -> 12,27
-0.0426 err 0.0002   2,0 -> 1,27
-0.0425 err 0.0002   8,3 -> 6,18
-0.0422 err 0.0002   2,3 -> 12,18
-0.0420 err 0.0002   7,4 -> 1,19
-0.0420 err 0.0002   13,6 -> 8,21
-0.0420 err 0.0002   13,3 -> 11,18
-0.0419 err 0.0002   2,2 -> 12,17
-0.0419 err 0.0002   13,2 -> 11,17
-0.0419 err 0.0002   7,6 -> 2,21
-0.0418 err 0.0002   7,2 -> 1,17
-0.0418 err 0.0002   7,3 -> 1,18
-0.0418 err 0.0002   13,19 -> 11,2
-0.0418 err 0.0002   7,5 -> 1,20
-0.0417 err 0.0002   2,19 -> 12,2
-0.0417 err 0.0002   8,2 -> 6,17
-0.0417 err 0.0002   13,5 -> 11,20
-0.0416 err 0.0002   13,4 -> 11,19
-0.0416 err 0.0002   8,19 -> 6,2
-0.0416 err 0.0002   2,6 -> 13,21
-0.0416 err 0.0002   8,6 -> 7,21
-0.0414 err 0.0002   8,14 -> 6,29
-0.0414 err 0.0002   2,4 -> 12,19
-0.0414 err 0.0002   2,14 -> 12,29
-0.0414 err 0.0002   7,19 -> 1,2
-0.0414 err 0.0002   13,23 -> 12,18
-0.0414 err 0.0002   8,4 -> 6,19
-0.0414 err 0.0002   2,5 -> 12,20
-0.0413 err 0.0002   7,6 -> 1,21
-0.0413 err 0.0002   13,6 -> 11,21
-0.0413 err 0.0002   8,5 -> 6,20
-0.0413 err 0.0002   7,14 -> 1,29
-0.0413 err 0.0002   8,23 -> 11,18
-0.0413 err 0.0002   2,23 -> 1,18
-0.0412 err 0.0002   2,16 -> 1,11
-0.0412 err 0.0002   2,6 -> 12,21
-0.0412 err 0.0002   7,23 -> 6,18
-0.0411 err 0.0002   7,15 -> 1,30
-0.0411 err 0.0002   13,16 -> 12,11
-0.0410 err 0.0002   13,14 -> 11,29
-0.0410 err 0.0002   7,31 -> 1,4
-0.0410 err 0.0002   8,16 -> 11,11
-0.0409 err 0.0002   13,31 -> 11,4
-0.0409 err 0.0002   7,2 -> 1,14
-0.0409 err 0.0002   8,6 -> 6,21
-0.0409 err 0.0002   2,7 -> 12,22
-0.0409 err 0.0002   7,16 -> 6,11
-0.0409 err 0.0002   13,15 -> 11,30
-0.0408 err 0.0002   8,14 -> 11,9
-0.0408 err 0.0002   8,31 -> 6,4
-0.0408 err 0.0002   13,7 -> 11,22
-0.0407 err 0.0002   8,20 -> 7,3
-0.0407 err 0.0002   2,31 -> 12,4
-0.0407 err 0.0002   8,7 -> 6,22
-0.0407 err 0.0002   8,15 -> 6,30
-0.0406 err 0.0002   13,2 -> 11,14
-0.0406 err 0.0002   2,2 -> 12,14
-0.0406 err 0.0002   2,15 -> 12,30
-0.0406 err 0.0002   13,14 -> 12,9
-0.0405 err 0.0002   2,30 -> 1,15
-0.0405 err 0.0002   2,14 -> 1,9
-0.0405 err 0.0002   7,20 -> 2,3
-0.0404 err 0.0002   13,20 -> 8,3
-0.0404 err 0.0002   8,30 -> 11,15
-0.0404 err 0.0002   7,14 -> 6,9
-0.0404 err 0.0002   13,4 -> 8,19
-0.0403 err 0.0002   7,7 -> 1,22
-0.0403 err 0.0002   13,16 -> 11,31
-0.0403 err 0.0002   7,30 -> 6,15
-0.0403 err 0.0002   2,12 -> 12,24
-0.0403 err 0.0002   7,4 -> 2,19
-0.0403 err 0.0002   2,16 -> 12,31
-0.0403 err 0.0002   2,20 -> 13,3
-0.0403 err 0.0002   2,4 -> 13,19
-0.0402 err 0.0002   2,28 -> 1,23
-0.0402 err 0.0002   7,19 -> 6,14
-0.0402 err 0.0002   13,28 -> 12,23
-0.0402 err 0.0002   7,23 -> 1,6
-0.0402 err 0.0002   8,31 -> 6,23
-0.0402 err 0.0002   8,2 -> 6,14
-0.0402 err 0.0002   13,30 -> 12,15
-0.0401 err 0.0002   7,28 -> 6,23
-0.0401 err 0.0002   13,23 -> 11,6
-0.0401 err 0.0002   8,23 -> 6,6
-0.0401 err 0.0002   13,12 -> 11,24
-0.0400 err 0.0002   2,21 -> 12,4
-0.0400 err 0.0002   13,19 -> 12,14
-0.0400 err 0.0002   8,16 -> 6,31
-0.0400 err 0.0002   8,28 -> 11,23
-0.0400 err 0.0002   8,19 -> 11,14
-0.0400 err 0.0002   8,4 -> 7,19
-0.0400 err 0.0002   7,16 -> 1,31
-0.0400 err 0.0002   7,12 -> 1,24
-0.0400 err 0.0002   7,22 -> 1,5
-0.0399 err 0.0002   2,23 -> 12,6
-0.0399 err 0.0002   8,12 -> 6,24
-0.0398 err 0.0002   2,19 -> 1,14
-0.0398 err 0.0002   13,31 -> 11,23
-0.0398 err 0.0002   13,22 -> 11,5
-0.0398 err 0.0002   8,22 -> 6,5
-0.0397 err 0.0002   2,22 -> 12,5
-0.0396 err 0.0002   7,31 -> 1,23
-0.0396 err 0.0002   2,31 -> 12,23
-0.0396 err 0.0002   2,20 -> 12,3
-0.0395 err 0.0002   7,20 -> 1,3
-0.0395 err 0.0002   7,21 -> 1,4
-0.0394 err 0.0002   8,20 -> 6,3
-0.0394 err 0.0002   13,21 -> 8,4
-0.0393 err 0.0002   13,20 -> 11,3
-0.0393 err 0.0002   8,21 -> 6,4
-0.0392 err 0.0002   2,21 -> 13,4
-0.0391 err 0.0002   13,21 -> 11,4
0.0391 err 0.0002   13,31 -> 12,24
0.0390 err 0.0002   8,31 -> 11,24
0.0390 err 0.0002   7,31 -> 6,24
-0.0390 err 0.0002   8,3 -> 7,18
-0.0390 err 0.0002   2,3 -> 13,18
-0.0389 err 0.0002   7,21 -> 2,4
-0.0389 err 0.0002   7,3 -> 2,18
-0.0389 err 0.0002   8,21 -> 7,4
-0.0388 err 0.0002   8,13 -> 7,28
-0.0388 err 0.0002   13,3 -> 8,18
-0.0387 err 0.0002   7,13 -> 2,28
-0.0387 err 0.0002   2,13 -> 13,28
0.0386 err 0.0002   2,31 -> 1,24
-0.0386 err 0.0002   13,13 -> 8,28
-0.0385 err 0.0002   8,20 -> 11,15
-0.0385 err 0.0002   7,15 -> 6,10
-0.0384 err 0.0002   2,15 -> 1,10
-0.0384 err 0.0002   7,11 -> 6,6
-0.0384 err 0.0002   13,15 -> 12,10
-0.0384 err 0.0002   7,20 -> 6,15
-0.0384 err 0.0002   8,15 -> 11,10
-0.0383 err 0.0002   2,20 -> 1,15
-0.0383 err 0.0002   13,11 -> 12,6
-0.0383 err 0.0002   13,20 -> 12,15
-0.0383 err 0.0002   2,11 -> 1,6
-0.0383 err 0.0002   13,9 -> 8,24
-0.0382 err 0.0002   8,11 -> 11,6
0.0381 err 0.0002   2,29 -> 12,22
-0.0380 err 0.0002   2,9 -> 13,24
0.0378 err 0.0002   8,29 -> 6,22
-0.0378 err 0.0002   7,9 -> 2,24
-0.0378 err 0.0002   2,24 -> 1,19
-0.0377 err 0.0002   13,24 -> 12,19
0.0377 err 0.0002   13,29 -> 11,22
0.0377 err 0.0002   7,29 -> 1,22
-0.0377 err 0.0002   7,24 -> 6,19
-0.0376 err 0.0002   8,9 -> 7,24
-0.0375 err 0.0002   8,24 -> 11,19
-0.0374 err 0.0002   7,10 -> 2,25
-0.0372 err 0.0002   13,10 -> 8,25
-0.0371 err 0.0002   8,28 -> 6,8
-0.0370 err 0.0002   8,10 -> 7,25
-0.0370 err 0.0002   2,10 -> 13,25
-0.0368 err 0.0002   2,28 -> 12,8
-0.0368 err 0.0002   7,28 -> 1,8
-0.0366 err 0.0002   13,28 -> 11,8
-0.0365 err 0.0002   2,1 -> 1,28
-0.0364 err 0.0002   8,1 -> 11,28
-0.0362 err 0.0002   7,1 -> 6,28
-0.0362 err 0.0002   13,1 -> 12,28
-0.0362 err 0.0002   13,10 -> 12,5
-0.0362 err 0.0002   7,10 -> 6,5
-0.0361 err 0.0002   8,12 -> 7,27
-0.0360 err 0.0002   2,12 -> 13,27
-0.0360 err 0.0002   2,10 -> 1,5
-0.0358 err 0.0002   13,12 -> 8,27
-0.0358 err 0.0002   8,10 -> 11,5
-0.0358 err 0.0002   13,27 -> 11,7
0.0358 err 0.0002   2,8 -> 12,1
-0.0358 err 0.0002   8,1 -> 6,13
-0.0358 err 0.0002   2,13 -> 12,25
-0.0357 err 0.0002   13,9 -> 12,4
-0.0357 err 0.0002   13,13 -> 11,25
-0.0357 err 0.0002   13,1 -> 11,13
-0.0357 err 0.0002   7,12 -> 2,27
-0.0357 err 0.0002   7,27 -> 1,7
-0.0357 err 0.0002   8,11 -> 7,26
-0.0356 err 0.0002   2,1 -> 12,13
-0.0356 err 0.0002   8,13 -> 6,25
-0.0356 err 0.0002   8,30 -> 6,3
-0.0356 err 0.0002   7,11 -> 2,26
-0.0356 err 0.0002   7,30 -> 1,3
-0.0356 err 0.0002   13,11 -> 8,26
-0.0355 err 0.0002   7,1 -> 1,13
0.0355 err 0.0002   8,9 -> 6,2
-0.0355 err 0.0002   2,27 -> 12,7
0.0355 err 0.0002   13,8 -> 11,1
-0.0355 err 0.0002   2,11 -> 13,26
-0.0355 err 0.0002   7,13 -> 1,25
-0.0355 err 0.0002   7,9 -> 6,4
-0.0355 err 0.0002   2,9 -> 1,4
-0.0355 err 0.0002   8,27 -> 6,7
0.0354 err 0.0002   8,8 -> 6,1
-0.0354 err 0.0002   13,30 -> 11,3
0.0354 err 0.0002   13,9 -> 11,2
0.0353 err 0.0002   7,9 -> 1,2
-0.0353 err 0.0002   2,30 -> 12,3
0.0353 err 0.0002   7,8 -> 1,1
-0.0353 err 0.0002   8,9 -> 11,4
0.0353 err 0.0002   2,9 -> 12,2
-0.0352 err 0.0002   2,2 -> 1,29
-0.0351 err 0.0002   8,2 -> 11,29
-0.0351 err 0.0002   8,4 -> 11,31
-0.0351 err 0.0002   13,22 -> 8,5
0.0351 err 0.0002   8,24 -> 6,17
-0.0350 err 0.0002   8,3 -> 11,30
0.0350 err 0.0002   2,24 -> 12,17
-0.0350 err 0.0002   8,22 -> 7,5
0.0349 err 0.0002   7,24 -> 1,17
-0.0349 err 0.0002   13,4 -> 12,31
-0.0349 err 0.0002   2,6 -> 1,1
0.0349 err 0.0002   13,24 -> 11,17
-0.0349 err 0.0002   7,3 -> 6,30
-0.0349 err 0.0002   8,6 -> 11,1
-0.0348 err 0.0002   2,25 -> 1,20
-0.0348 err 0.0002   7,4 -> 6,31
-0.0348 err 0.0002   13,25 -> 12,20
-0.0348 err 0.0002   7,2 -> 6,29
-0.0348 err 0.0002   2,4 -> 1,31
-0.0348 err 0.0002   13,3 -> 12,30
-0.0348 err 0.0002   13,2 -> 12,29
-0.0348 err 0.0002   2,3 -> 1,30
-0.0347 err 0.0002   13,6 -> 12,1
-0.0347 err 0.0002   8,25 -> 11,20
-0.0347 err 0.0002   8,5 -> 11,0
-0.0347 err 0.0002   7,25 -> 6,20
-0.0346 err 0.0002   7,6 -> 6,1
-0.0346 err 0.0002   13,5 -> 12,0
-0.0346 err 0.0002   2,22 -> 13,5
-0.0346 err 0.0002   7,22 -> 2,5
-0.0345 err 0.0002   13,7 -> 12,2
-0.0345 err 0.0002   7,5 -> 6,0
-0.0344 err 0.0002   8,7 -> 11,2
-0.0344 err 0.0002   13,3 -> 11,8
-0.0343 err 0.0002   8,3 -> 6,8
-0.0343 err 0.0002   7,3 -> 1,8
-0.0343 err 0.0002   2,3 -> 12,8
-0.0343 err 0.0002   8,8 -> 11,3
-0.0342 err 0.0002   2,8 -> 1,3
-0.0342 err 0.0002   7,8 -> 6,3
-0.0342 err 0.0002   13,4 -> 11,16
-0.0342 err 0.0002   13,8 -> 12,3
-0.0342 err 0.0002   8,2 -> 6,7
-0.0342 err 0.0002   7,7 -> 6,2
-0.0341 err 0.0002   2,7 -> 1,2
-0.0341 err 0.0002   2,5 -> 1,0
-0.0341 err 0.0002   13,17 -> 8,0
-0.0340 err 0.0002   2,4 -> 12,16
-0.0340 err 0.0002   7,2 -> 1,7
-0.0340 err 0.0002   7,4 -> 1,16
-0.0340 err 0.0002   2,17 -> 13,0
-0.0340 err 0.0002   7,17 -> 2,0
-0.0339 err 0.0002   13,2 -> 11,7
-0.0339 err 0.0002   8,4 -> 6,16
-0.0339 err 0.0002   2,16 -> 13,31
-0.0338 err 0.0002   13,16 -> 8,31
-0.0338 err 0.0002   2,2 -> 12,7
-0.0338 err 0.0002   8,16 -> 7,31
-0.0338 err 0.0002   8,17 -> 7,0
-0.0337 err 0.0002   7,16 -> 2,31
-0.0337 err 0.0002   2,29 -> 12,9
0.0337 err 0.0002   8,2 -> 6,27
0.0337 err 0.0002   13,2 -> 11,27
-0.0337 err 0.0002   7,29 -> 1,9
-0.0336 err 0.0002   2,15 -> 13,30
-0.0336 err 0.0002   8,29 -> 6,9
0.0336 err 0.0002   2,10 -> 12,3
0.0336 err 0.0002   13,10 -> 11,3
0.0335 err 0.0002   2,1 -> 12,26
-0.0335 err 0.0002   7,15 -> 2,30
0.0335 err 0.0002   8,10 -> 6,3
0.0335 err 0.0002   2,2 -> 12,27
-0.0335 err 0.0002   13,15 -> 8,30
0.0335 err 0.0002   7,2 -> 1,27
0.0335 err 0.0002   7,10 -> 1,3
0.0335 err 0.0002   7,1 -> 1,26
0.0333 err 0.0002   13,1 -> 11,26
-0.0333 err 0.0002   13,29 -> 11,9
-0.0332 err 0.0002   13,27 -> 12,22
-0.0332 err 0.0002   2,27 -> 1,22
-0.0331 err 0.0002   8,15 -> 7,30
-0.0331 err 0.0002   7,27 -> 6,22
-0.0331 err 0.0002   8,11 -> 6,23
0.0331 err 0.0002   8,1 -> 6,26
-0.0331 err 0.0002   8,27 -> 11,22
-0.0331 err 0.0002   7,11 -> 1,23
-0.0329 err 0.0002   8,26 -> 11,21
-0.0328 err 0.0002   2,11 -> 12,23
-0.0328 err 0.0002   7,14 -> 2,29
-0.0327 err 0.0002   13,11 -> 11,23
-0.0327 err 0.0002   13,26 -> 12,21
-0.0327 err 0.0002   13,17 -> 11,29
-0.0327 err 0.0002   2,26 -> 1,21
-0.0325 err 0.0002   7,26 -> 6,21
-0.0324 err 0.0002   8,17 -> 6,29
-0.0324 err 0.0002   8,14 -> 7,29
-0.0324 err 0.0002   2,14 -> 13,29
-0.0324 err 0.0002   7,17 -> 1,29
-0.0324 err 0.0002   2,17 -> 12,29
0.0323 err 0.0002   8,3 -> 6,28
-0.0323 err 0.0002   7,18 -> 2,1
-0.0323 err 0.0002   2,18 -> 13,1
-0.0323 err 0.0002   8,18 -> 7,1
-0.0322 err 0.0002   13,14 -> 8,29
-0.0321 err 0.0002   13,18 -> 8,1
0.0321 err 0.0002   13,3 -> 11,28
-0.0321 err 0.0002   8,29 -> 6,2
0.0321 err 0.0002   7,3 -> 1,28
-0.0320 err 0.0002   7,29 -> 1,2
-0.0319 err 0.0002   2,29 -> 12,2
0.0319 err 0.0002   2,3 -> 12,28
-0.0318 err 0.0002   13,29 -> 11,2
-0.0317 err 0.0002   13,28 -> 11,1
-0.0316 err 0.0002   2,21 -> 12,1
-0.0316 err 0.0002   7,28 -> 1,1
-0.0315 err 0.0002   7,21 -> 1,26
-0.0315 err 0.0002   13,21 -> 11,26
-0.0315 err 0.0002   13,16 -> 11,28
-0.0315 err 0.0002   7,16 -> 1,28
-0.0313 err 0.0002   2,21 -> 12,26
0.0313 err 0.0002   13,11 -> 11,4
-0.0313 err 0.0002   8,21 -> 6,1
-0.0313 err 0.0002   8,28 -> 6,1
-0.0313 err 0.0002   7,21 -> 1,1
-0.0313 err 0.0002   2,16 -> 12,28
-0.0313 err 0.0002   8,21 -> 6,26
-0.0312 err 0.0002   2,28 -> 12,1
0.0312 err 0.0002   2,28 -> 12,21
0.0312 err 0.0002   2,11 -> 12,4
0.0311 err 0.0002   7,25 -> 1,18
0.0311 err 0.0002   7,11 -> 1,4
0.0310 err 0.0002   8,11 -> 6,4
0.0310 err 0.0002   13,25 -> 11,18
-0.0310 err 0.0002   13,21 -> 11,1
-0.0309 err 0.0002   8,16 -> 6,28
0.0309 err 0.0002   8,28 -> 6,21
0.0309 err 0.0002   13,28 -> 11,21
0.0309 err 0.0002   2,25 -> 12,18
0.0309 err 0.0002   7,28 -> 1,21
0.0307 err 0.0002   8,25 -> 6,18
0.0307 err 0.0002   8,4 -> 6,29
0.0307 err 0.0002   2,4 -> 12,29
0.0306 err 0.0002   9,20 -> 12,15
0.0305 err 0.0002   13,4 -> 11,29
0.0305 err 0.0002   2,12 -> 12,5
0.0304 err 0.0002   7,4 -> 1,29
-0.0304 err 0.0002   8,8 -> 7,23
0.0304 err 0.0002   3,20 -> 6,15
-0.0303 err 0.0002   7,19 -> 2,2
0.0303 err 0.0002   14,20 -> 1,15
-0.0303 err 0.0002   7,8 -> 2,23
-0.0302 err 0.0002   2,8 -> 13,23
0.0302 err 0.0002   4,20 -> 11,15
-0.0302 err 0.0002   13,23 -> 8,6
0.0302 err 0.0002   8,12 -> 6,5
0.0302 err 0.0002   7,12 -> 1,5
-0.0302 err 0.0002   7,23 -> 2,6
-0.0302 err 0.0002   13,8 -> 8,23
0.0301 err 0.0002   13,12 -> 11,5
0.0301 err 0.0002   8,13 -> 6,6
-0.0301 err 0.0002   2,23 -> 13,6
-0.0301 err 0.0002   8,23 -> 7,6
-0.0300 err 0.0002   13,19 -> 8,2
0.0299 err 0.0002   8,27 -> 6,20
0.0299 err 0.0002   2,13 -> 12,6
-0.0299 err 0.0002   2,19 -> 13,2
0.0299 err 0.0002   7,13 -> 1,6
0.0298 err 0.0002   13,27 -> 11,20
0.0298 err 0.0002   13,13 -> 11,6
0.0297 err 0.0002   2,27 -> 12,20
0.0297 err 0.0002   2,5 -> 12,30
-0.0297 err 0.0002   8,19 -> 7,2
0.0297 err 0.0002   3,12 -> 6,7
0.0296 err 0.0002   7,27 -> 1,20
-0.0296 err 0.0002   7,24 -> 2,7
0.0296 err 0.0002   7,5 -> 1,30
-0.0296 err 0.0002   7,22 -> 6,7
-0.0296 err 0.0002   13,18 -> 11,30
0.0295 err 0.0002   13,26 -> 11,19
0.0295 err 0.0002   4,12 -> 11,7
0.0295 err 0.0002   13,5 -> 11,30
-0.0295 err 0.0002   8,22 -> 11,7
-0.0295 err 0.0002   2,22 -> 1,7
0.0295 err 0.0002   8,5 -> 6,30
-0.0295 err 0.0002   2,24 -> 13,7
-0.0295 err 0.0002   13,24 -> 8,7
-0.0294 err 0.0002   13,18 -> 12,3
-0.0294 err 0.0002   8,24 -> 7,7
-0.0294 err 0.0002   7,0 -> 6,17
-0.0294 err 0.0002   8,18 -> 6,30
-0.0293 err 0.0002   2,18 -> 1,3
0.0293 err 0.0002   8,26 -> 6,19
-0.0293 err 0.0002   2,0 -> 1,17
0.0293 err 0.0002   7,26 -> 1,19
0.0293 err 0.0002   2,26 -> 12,19
0.0292 err 0.0002   14,12 -> 1,7
-0.0292 err 0.0002   13,22 -> 12,7
-0.0292 err 0.0002   7,18 -> 1,30
0.0292 err 0.0002   13,6 -> 11,31
0.0291 err 0.0002   7,6 -> 1,31
-0.0291 err 0.0002   8,0 -> 11,17
-0.0291 err 0.0002   2,18 -> 12,30
0.0291 err 0.0002   9,12 -> 12,7
-0.0291 err 0.0002   2,25 -> 13,8
-0.0291 err 0.0002   7,25 -> 2,8
0.0290 err 0.0002   2,6 -> 12,31
0.0290 err 0.0002   8,6 -> 6,31
-0.0290 err 0.0002   7,18 -> 6,3
-0.0290 err 0.0002   13,25 -> 8,8
-0.0289 err 0.0002   2,1 -> 13,16
-0.0289 err 0.0002   8,18 -> 11,3
-0.0289 err 0.0002   8,17 -> 11,2
-0.0289 err 0.0002   8,25 -> 7,8
-0.0289 err 0.0002   13,17 -> 12,2
0.0288 err 0.0002   7,7 -> 1,0
-0.0287 err 0.0002   13,0 -> 12,17
-0.0287 err 0.0002   7,7 -> 2,22
-0.0287 err 0.0002   8,0 -> 7,15
0.0286 err 0.0002   2,19 -> 12,12
-0.0286 err 0.0002   2,0 -> 13,15
0.0286 err 0.0002   7,19 -> 1,12
-0.0285 err 0.0002   8,1 -> 7,16
-0.0285 err 0.0002   8,7 -> 7,22
-0.0285 err 0.0002   13,5 -> 11,10
-0.0285 err 0.0002   7,17 -> 6,2
-0.0285 err 0.0002   13,0 -> 8,15
-0.0285 err 0.0002   2,17 -> 1,2
0.0285 err 0.0002   8,7 -> 6,0
0.0285 err 0.0002   2,7 -> 12,0
0.0285 err 0.0002   13,7 -> 11,0
-0.0284 err 0.0002   2,7 -> 13,22
-0.0284 err 0.0002   13,7 -> 8,22
0.0284 err 0.0002   13,19 -> 11,12
-0.0284 err 0.0002   7,0 -> 2,15
0.0284 err 0.0002   8,19 -> 6,12
-0.0284 err 0.0002   7,5 -> 1,10
-0.0283 err 0.0002   7,1 -> 2,16
-0.0283 err 0.0002   8,5 -> 6,10
-0.0283 err 0.0002   13,1 -> 8,16
-0.0283 err 0.0002   2,5 -> 12,10
-0.0282 err 0.0002   13,22 -> 11,2
-0.0281 err 0.0002   2,22 -> 12,2
-0.0281 err 0.0002   7,31 -> 6,15
-0.0281 err 0.0002   7,22 -> 1,2
-0.0281 err 0.0002   2,31 -> 1,15
-0.0281 err 0.0002   13,31 -> 12,15
-0.0280 err 0.0002   8,31 -> 11,15
-0.0280 err 0.0002   8,22 -> 6,2
-0.0280 err 0.0002   13,6 -> 11,11
-0.0279 err 0.0002   7,6 -> 1,11
-0.0279 err 0.0002   8,6 -> 6,11
-0.0278 err 0.0002   2,6 -> 12,11
-0.0274 err 0.0002   2,31 -> 12,26
-0.0273 err 0.0002   13,31 -> 11,26
-0.0272 err 0.0002   13,10 -> 11,15
-0.0271 err 0.0002   7,31 -> 1,26
-0.0271 err 0.0002   8,31 -> 6,26
-0.0269 err 0.0002   8,15 -> 6,27
-0.0269 err 0.0002   2,15 -> 12,27
-0.0269 err 0.0002   7,10 -> 1,15
-0.0269 err 0.0002   2,10 -> 12,15
-0.0269 err 0.0002   13,15 -> 11,27
-0.0269 err 0.0002   8,10 -> 6,15
-0.0267 err 0.0002   7,15 -> 1,27
-0.0264 err 0.0002   8,22 -> 6,27
-0.0264 err 0.0002   7,31 -> 6,25
-0.0263 err 0.0002   2,22 -> 12,27
-0.0263 err 0.0002   2,31 -> 1,25
-0.0261 err 0.0002   7,22 -> 1,27
-0.0261 err 0.0002   13,31 -> 12,25
-0.0259 err 0.0002   8,31 -> 11,25
-0.0258 err 0.0002   13,22 -> 11,27
-0.0257 err 0.0002   13,5 -> 11,17
-0.0256 err 0.0002   8,5 -> 6,17
-0.0256 err 0.0002   7,5 -> 1,17
-0.0256 err 0.0002   2,5 -> 12,17
-0.0251 err 0.0002   7,0 -> 1,12
-0.0251 err 0.0002   8,0 -> 6,12
0.0251 err 0.0002   3,13 -> 6,8
-0.0251 err 0.0002   2,0 -> 12,12
0.0250 err 0.0002   9,13 -> 12,8
0.0250 err 0.0002   14,13 -> 1,8
-0.0249 err 0.0002   13,0 -> 11,12
0.0248 err 0.0002   4,13 -> 11,8
-0.0247 err 0.0002   2,23 -> 12,3
0.0247 err 0.0002   4,30 -> 11,25
-0.0246 err 0.0002   13,23 -> 11,3
0.0245 err 0.0002   3,30 -> 6,25
-0.0245 err 0.0002   8,23 -> 6,3
-0.0245 err 0.0002   7,11 -> 1,16
-0.0244 err 0.0002   8,11 -> 6,16
0.0244 err 0.0002   9,30 -> 12,25
-0.0244 err 0.0002   8,14 -> 6,26
-0.0243 err 0.0002   13,11 -> 11,16
-0.0243 err 0.0002   7,6 -> 1,18
-0.0242 err 0.0002   2,11 -> 12,16
-0.0242 err 0.0002   7,23 -> 1,3
-0.0241 err 0.0002   13,14 -> 11,26
0.0241 err 0.0002   14,30 -> 1,25
-0.0241 err 0.0002   2,14 -> 12,26
-0.0241 err 0.0002   13,10 -> 11,22
-0.0241 err 0.0002   8,10 -> 6,22
-0.0241 err 0.0002   8,6 -> 6,18
-0.0240 err 0.0002   7,10 -> 1,22
-0.0240 err 0.0002   7,14 -> 1,26
-0.0239 err 0.0002   2,6 -> 12,18
-0.0239 err 0.0002   2,10 -> 12,22
-0.0238 err 0.0002   13,6 -> 11,18
-0.0238 err 0.0002   13,23 -> 12,8
-0.0238 err 0.0002   7,23 -> 6,8
0.0237 err 0.0002   4,8 -> 11,3
-0.0237 err 0.0002   8,23 -> 11,8
-0.0236 err 0.0002   2,23 -> 1,8
-0.0235 err 0.0002   7,4 -> 1,9
0.0235 err 0.0002   3,8 -> 6,3
0.0234 err 0.0002   14,8 -> 1,3
0.0234 err 0.0002   9,8 -> 12,3
-0.0233 err 0.0002   2,4 -> 12,9
-0.0233 err 0.0002   8,4 -> 6,9
-0.0233 err 0.0002   13,4 -> 11,9
-0.0232 err 0.0002   13,13 -> 11,18
-0.0230 err 0.0002   8,5 -> 6,7
-0.0229 err 0.0002   7,13 -> 1,18
-0.0229 err 0.0002   8,13 -> 6,18
-0.0228 err 0.0002   2,5 -> 12,7
-0.0228 err 0.0002   7,5 -> 1,7
-0.0226 err 0.0002   2,13 -> 12,18
-0.0225 err 0.0002   13,5 -> 11,7
-0.0225 err 0.0002   7,24 -> 1,4
-0.0223 err 0.0002   7,9 -> 1,21
-0.0223 err 0.0002   8,6 -> 6,8
-0.0223 err 0.0002   7,28 -> 1,23
-0.0223 err 0.0002   8,24 -> 6,4
-0.0222 err 0.0002   13,9 -> 11,21
-0.0222 err 0.0002   2,24 -> 12,4
-0.0222 err 0.0002   2,9 -> 12,21
-0.0221 err 0.0002   13,24 -> 11,4
-0.0221 err 0.0002   13,25 -> 11,5
-0.0221 err 0.0002   7,25 -> 1,5
-0.0221 err 0.0002   7,7 -> 1,19
-0.0220 err 0.0002   2,25 -> 12,5
-0.0220 err 0.0002   2,6 -> 12,8
-0.0220 err 0.0002   2,28 -> 12,23
-0.0220 err 0.0002   13,28 -> 11,23
-0.0220 err 0.0002   8,7 -> 6,19
-0.0219 err 0.0002   13,6 -> 11,8
-0.0219 err 0.0002   7,6 -> 1,8
-0.0219 err 0.0002   8,9 -> 6,21
-0.0219 err 0.0002   8,28 -> 6,23
-0.0219 err 0.0002   8,8 -> 6,20
-0.0219 err 0.0002   13,26 -> 11,6
-0.0219 err 0.0002   8,25 -> 6,5
-0.0218 err 0.0002   2,8 -> 12,20
-0.0218 err 0.0002   7,8 -> 1,20
-0.0217 err 0.0002   7,26 -> 1,6
-0.0217 err 0.0002   8,20 -> 6,0
-0.0217 err 0.0002   2,19 -> 12,31
-0.0217 err 0.0002   2,7 -> 12,19
-0.0217 err 0.0002   2,26 -> 12,6
-0.0217 err 0.0002   13,8 -> 11,20
-0.0217 err 0.0002   8,26 -> 6,6
-0.0216 err 0.0002   13,19 -> 11,31
-0.0216 err 0.0002   7,31 -> 1,10
-0.0216 err 0.0002   13,7 -> 11,19
-0.0215 err 0.0002   8,19 -> 6,31
-0.0215 err 0.0002   2,20 -> 12,0
-0.0215 err 0.0002   13,20 -> 11,0
-0.0215 err 0.0002   8,31 -> 6,10
-0.0214 err 0.0002   7,19 -> 1,31
-0.0214 err 0.0002   13,28 -> 8,10
-0.0214 err 0.0002   7,20 -> 1,0
-0.0214 err 0.0002   13,31 -> 11,10
-0.0213 err 0.0002   7,13 -> 1,15
-0.0213 err 0.0002   7,28 -> 2,10
-0.0213 err 0.0002   2,31 -> 12,10
-0.0212 err 0.0002   2,16 -> 12,21
-0.0212 err 0.0002   13,16 -> 11,21
-0.0212 err 0.0002   7,17 -> 1,22
-0.0211 err 0.0002   13,9 -> 12,26
-0.0211 err 0.0002   8,9 -> 11,26
-0.0211 err 0.0002   2,28 -> 13,10
-0.0210 err 0.0002   8,28 -> 7,10
0.0210 err 0.0002   14,9 -> 1,4
-0.0210 err 0.0002   2,13 -> 12,15
0.0210 err 0.0002   14,23 -> 1,18
-0.0210 err 0.0002   8,13 -> 6,15
-0.0209 err 0.0002   7,16 -> 1,21
0.0209 err 0.0002   9,23 -> 12,18
0.0209 err 0.0002   4,9 -> 11,4
-0.0209 err 0.0002   8,31 -> 7,13
0.0209 err 0.0002   4,7 -> 11,2
-0.0209 err 0.0002   13,17 -> 11,22
0.0208 err 0.0002   4,23 -> 11,18
0.0208 err 0.0002   9,9 -> 12,4
-0.0208 err 0.0002   13,13 -> 11,15
-0.0208 err 0.0002   7,31 -> 2,13
-0.0208 err 0.0002   2,31 -> 13,13
-0.0207 err 0.0002   8,29 -> 11,14
0.0207 err 0.0002   7,30 -> 6,23
-0.0207 err 0.0002   2,9 -> 1,26
0.0207 err 0.0002   9,7 -> 12,2
0.0207 err 0.0002   2,30 -> 1,23
-0.0207 err 0.0002   2,17 -> 12,22
-0.0207 err 0.0002   8,15 -> 6,20
0.0207 err 0.0002   3,9 -> 6,4
-0.0206 err 0.0002   8,16 -> 6,21
-0.0206 err 0.0002   2,29 -> 1,14
0.0206 err 0.0002   14,7 -> 1,2
0.0206 err 0.0002   3,7 -> 6,2
0.0205 err 0.0002   3,23 -> 6,18
-0.0205 err 0.0002   7,9 -> 6,26
-0.0205 err 0.0002   13,15 -> 11,20
0.0205 err 0.0002   13,30 -> 12,23
-0.0204 err 0.0002   13,31 -> 8,13
-0.0204 err 0.0002   7,15 -> 1,20
-0.0204 err 0.0002   8,20 -> 6,25
0.0204 err 0.0002   8,30 -> 11,23
-0.0204 err 0.0002   2,20 -> 12,25
-0.0204 err 0.0002   7,29 -> 6,14
-0.0203 err 0.0002   8,18 -> 6,23
-0.0203 err 0.0002   13,20 -> 11,25
-0.0203 err 0.0002   2,18 -> 12,23
-0.0203 err 0.0002   2,15 -> 12,20
-0.0203 err 0.0002   7,9 -> 1,4
-0.0203 err 0.0002   13,18 -> 11,23
-0.0202 err 0.0002   8,9 -> 6,4
-0.0202 err 0.0002   13,29 -> 12,14
-0.0202 err 0.0002   8,17 -> 6,22
-0.0202 err 0.0002   7,20 -> 1,25
0.0202 err 0.0002   4,29 -> 11,24
0.0202 err 0.0002   9,29 -> 12,24
-0.0201 err 0.0002   7,18 -> 1,23
-0.0201 err 0.0002   13,9 -> 11,4
-0.0201 err 0.0002   2,9 -> 12,4
-0.0200 err 0.0002   8,14 -> 6,19
-0.0200 err 0.0002   8,12 -> 6,17
-0.0200 err 0.0002   13,12 -> 11,17
-0.0200 err 0.0002   2,9 -> 12,14
0.0199 err 0.0002   14,29 -> 1,24
0.0199 err 0.0002   3,29 -> 6,24
-0.0199 err 0.0002   13,9 -> 11,14
-0.0199 err 0.0002   2,14 -> 12,19
-0.0198 err 0.0002   7,14 -> 1,19
-0.0198 err 0.0002   13,28 -> 12,13
-0.0198 err 0.0002   2,12 -> 12,17
-0.0198 err 0.0002   7,12 -> 1,17
-0.0197 err 0.0002   7,9 -> 1,14
-0.0196 err 0.0002   8,9 -> 6,14
-0.0196 err 0.0002   7,24 -> 6,9
-0.0196 err 0.0002   13,14 -> 11,19
-0.0196 err 0.0002   7,8 -> 1,13
-0.0195 err 0.0002   7,28 -> 6,13
-0.0195 err 0.0002   13,8 -> 11,13
-0.0194 err 0.0002   8,24 -> 11,9
-0.0194 err 0.0002   7,7 -> 6,24
-0.0194 err 0.0002   2,28 -> 1,13
-0.0193 err 0.0002   13,27 -> 11,0
-0.0193 err 0.0002   2,8 -> 12,13
-0.0192 err 0.0002   8,23 -> 6,28
-0.0192 err 0.0002   8,16 -> 11,1
-0.0192 err 0.0002   7,16 -> 6,1
-0.0192 err 0.0002   2,24 -> 1,9
-0.0191 err 0.0002   7,23 -> 1,28
0.0191 err 0.0002   3,18 -> 6,13
0.0191 err 0.0002   9,18 -> 12,13
-0.0191 err 0.0002   8,8 -> 6,13
-0.0191 err 0.0002   2,7 -> 1,24
-0.0191 err 0.0002   14,22 -> 1,16
-0.0191 err 0.0002   8,28 -> 11,13
-0.0190 err 0.0002   8,6 -> 11,23
-0.0190 err 0.0002   2,19 -> 12,24
-0.0190 err 0.0002   13,6 -> 12,23
-0.0190 err 0.0002   2,16 -> 1,1
-0.0190 err 0.0002   4,22 -> 11,16
-0.0190 err 0.0002   2,23 -> 12,28
-0.0190 err 0.0002   7,27 -> 1,0
0.0190 err 0.0002   4,18 -> 11,13
-0.0190 err 0.0002   13,19 -> 11,24
-0.0190 err 0.0002   7,6 -> 6,23
-0.0189 err 0.0002   2,6 -> 1,23
-0.0189 err 0.0002   7,30 -> 1,0
-0.0189 err 0.0002   13,7 -> 12,24
-0.0189 err 0.0002   9,22 -> 12,16
-0.0189 err 0.0002   8,27 -> 6,0
-0.0189 err 0.0002   2,27 -> 12,0
-0.0189 err 0.0002   8,7 -> 11,24
-0.0189 err 0.0002   13,24 -> 12,9
-0.0189 err 0.0002   13,23 -> 11,28
-0.0189 err 0.0002   13,16 -> 12,1
-0.0187 err 0.0002   13,30 -> 11,0
-0.0187 err 0.0002   7,19 -> 1,24
0.0187 err 0.0002   4,14 -> 11,9
-0.0187 err 0.0002   8,19 -> 6,24
-0.0187 err 0.0002   7,0 -> 1,5
-0.0187 err 0.0002   2,30 -> 12,0
-0.0187 err 0.0002   3,22 -> 6,16
0.0187 err 0.0002   8,31 -> 11,4
-0.0187 err 0.0002   8,30 -> 6,0
0.0187 err 0.0002   14,18 -> 1,13
0.0186 err 0.0002   9,14 -> 12,9
0.0185 err 0.0002   7,31 -> 6,4
-0.0185 err 0.0002   8,24 -> 6,29
0.0185 err 0.0002   14,14 -> 1,9
0.0184 err 0.0002   13,31 -> 12,4
-0.0184 err 0.0002   8,25 -> 6,30
-0.0183 err 0.0002   2,24 -> 12,29
-0.0183 err 0.0002   13,0 -> 11,5
-0.0183 err 0.0002   8,0 -> 6,5
0.0183 err 0.0002   3,14 -> 6,9
0.0183 err 0.0002   2,31 -> 1,4
-0.0182 err 0.0002   7,8 -> 6,25
-0.0182 err 0.0002   13,24 -> 11,29
0.0182 err 0.0002   3,19 -> 6,14
-0.0182 err 0.0002   7,24 -> 1,29
-0.0182 err 0.0002   13,25 -> 11,30
-0.0182 err 0.0002   2,8 -> 1,25
-0.0181 err 0.0002   13,26 -> 11,31
-0.0181 err 0.0002   2,0 -> 12,5
-0.0180 err 0.0002   7,26 -> 1,31
0.0180 err 0.0002   14,19 -> 1,14
-0.0180 err 0.0002   8,8 -> 11,25
-0.0180 err 0.0002   13,19 -> 11,14
-0.0180 err 0.0002   13,8 -> 12,25
-0.0179 err 0.0002   2,25 -> 12,30
-0.0178 err 0.0002   8,19 -> 6,14
-0.0178 err 0.0002   2,26 -> 12,31
-0.0178 err 0.0002   8,29 -> 7,11
-0.0178 err 0.0002   7,25 -> 1,30
-0.0178 err 0.0002   2,19 -> 12,14
-0.0178 err 0.0002   7,1 -> 1,6
-0.0178 err 0.0002   13,7 -> 11,12
-0.0178 err 0.0002   8,26 -> 6,31
0.0177 err 0.0002   4,19 -> 11,14
-0.0177 err 0.0002   7,19 -> 1,14
-0.0177 err 0.0002   7,30 -> 2,12
0.0177 err 0.0002   9,19 -> 12,14
-0.0177 err 0.0002   7,7 -> 1,12
-0.0177 err 0.0002   2,1 -> 12,6
-0.0176 err 0.0002   2,7 -> 12,12
-0.0176 err 0.0002   13,1 -> 11,6
-0.0176 err 0.0002   2,29 -> 13,11
-0.0176 err 0.0002   8,7 -> 6,12
-0.0175 err 0.0002   2,24 -> 12,26
-0.0175 err 0.0002   7,29 -> 2,11
-0.0175 err 0.0002   13,10 -> 12,27
-0.0174 err 0.0002   13,25 -> 12,10
-0.0174 err 0.0002   8,30 -> 7,12
-0.0174 err 0.0002   8,1 -> 6,6
-0.0173 err 0.0002   13,30 -> 8,12
-0.0173 err 0.0002   7,25 -> 6,10
-0.0173 err 0.0002   13,29 -> 8,11
-0.0173 err 0.0002   2,30 -> 13,12
0.0173 err 0.0002   9,28 -> 12,23
-0.0173 err 0.0002   8,24 -> 6,26
-0.0172 err 0.0002   2,10 -> 1,27
-0.0172 err 0.0002   7,10 -> 6,27
0.0172 err 0.0002   4,28 -> 11,23
-0.0172 err 0.0002   8,10 -> 11,27
-0.0172 err 0.0002   7,24 -> 1,26
-0.0171 err 0.0002   2,25 -> 1,10
-0.0171 err 0.0002   8,25 -> 11,10
-0.0171 err 0.0002   2,21 -> 1,6
0.0171 err 0.0002   14,28 -> 1,23
0.0170 err 0.0002   3,28 -> 6,23
-0.0170 err 0.0002   13,24 -> 11,26
-0.0169 err 0.0002   8,21 -> 11,6
0.0168 err 0.0002   9,0 -> 12,27
-0.0168 err 0.0002   7,21 -> 6,6
-0.0167 err 0.0002   7,16 -> 1,8
0.0167 err 0.0002   14,0 -> 1,27
0.0167 err 0.0002   4,0 -> 11,27
-0.0167 err 0.0002   8,16 -> 6,8
-0.0166 err 0.0002   8,22 -> 6,14
0.0166 err 0.0002   3,15 -> 6,10
-0.0166 err 0.0002   13,21 -> 12,6
0.0165 err 0.0002   3,0 -> 6,27
-0.0164 err 0.0002   7,22 -> 1,14
-0.0164 err 0.0002   13,22 -> 11,14
0.0164 err 0.0002   4,15 -> 11,10
0.0164 err 0.0002   14,16 -> 1,11
-0.0164 err 0.0002   2,22 -> 12,14
0.0164 err 0.0002   14,15 -> 1,10
0.0163 err 0.0002   4,6 -> 11,1
0.0163 err 0.0002   9,16 -> 12,11
-0.0162 err 0.0002   7,11 -> 6,28
0.0162 err 0.0002   3,6 -> 6,1
-0.0162 err 0.0002   13,16 -> 11,8
-0.0162 err 0.0002   2,16 -> 12,8
-0.0162 err 0.0002   8,11 -> 11,28
0.0162 err 0.0002   3,16 -> 6,11
0.0162 err 0.0002   2,14 -> 1,7
0.0162 err 0.0002   4,16 -> 11,11
0.0161 err 0.0002   9,15 -> 12,10
0.0161 err 0.0002   9,6 -> 12,1
0.0161 err 0.0002   13,14 -> 12,7
-0.0161 err 0.0002   8,23 -> 6,15
0.0160 err 0.0002   14,6 -> 1,1
0.0160 err 0.0002   14,17 -> 1,12
-0.0160 err 0.0002   2,11 -> 1,28
-0.0160 err 0.0002   13,15 -> 12,0
-0.0160 err 0.0002   7,23 -> 1,15
0.0159 err 0.0002   3,17 -> 6,12
-0.0159 err 0.0002   8,15 -> 11,0
-0.0159 err 0.0002   13,23 -> 11,15
-0.0159 err 0.0002   13,11 -> 12,28
0.0158 err 0.0002   8,14 -> 11,7
-0.0158 err 0.0002   2,15 -> 1,0
0.0158 err 0.0002   9,17 -> 12,12
0.0158 err 0.0002   7,14 -> 6,7
0.0158 err 0.0002   4,17 -> 11,12
-0.0157 err 0.0002   2,17 -> 12,9
-0.0157 err 0.0002   7,17 -> 1,9
-0.0156 err 0.0002   8,26 -> 11,11
-0.0156 err 0.0002   7,26 -> 6,11
-0.0156 err 0.0002   13,26 -> 12,11
-0.0156 err 0.0002   2,23 -> 12,15
-0.0155 err 0.0002   13,5 -> 12,22
-0.0155 err 0.0002   7,5 -> 6,22
-0.0155 err 0.0002   13,12 -> 12,29
-0.0155 err 0.0002   13,17 -> 11,9
-0.0155 err 0.0002   2,5 -> 1,22
-0.0155 err 0.0002   7,15 -> 6,0
-0.0155 err 0.0002   2,26 -> 1,11
-0.0154 err 0.0002   8,5 -> 11,22
-0.0154 err 0.0002   8,17 -> 6,9
0.0153 err 0.0002   2,23 -> 1,16
-0.0153 err 0.0002   8,2 -> 11,19
0.0153 err 0.0002   7,23 -> 6,16
-0.0153 err 0.0002   7,12 -> 6,29
0.0153 err 0.0002   8,23 -> 11,16
0.0153 err 0.0002   13,15 -> 12,8
0.0152 err 0.0002   13,23 -> 12,16
-0.0152 err 0.0002   13,14 -> 12,31
-0.0152 err 0.0002   8,14 -> 11,31
-0.0152 err 0.0002   8,27 -> 11,12
-0.0151 err 0.0002   7,27 -> 6,12
-0.0151 err 0.0002   8,20 -> 11,5
0.0151 err 0.0002   4,11 -> 11,6
-0.0151 err 0.0002   13,27 -> 12,12
-0.0151 err 0.0002   2,14 -> 1,31
0.0151 err 0.0002   2,15 -> 1,8
0.0151 err 0.0002   3,11 -> 6,6
-0.0151 err 0.0002   13,15 -> 11,7
0.0151 err 0.0002   14,11 -> 1,6
-0.0151 err 0.0002   7,14 -> 6,31
-0.0150 err 0.0002   13,2 -> 12,19
-0.0150 err 0.0002   2,3 -> 1,20
-0.0150 err 0.0002   2,12 -> 1,29
-0.0150 err 0.0002   7,13 -> 6,30
-0.0150 err 0.0002   7,17 -> 1,12
0.0150 err 0.0002   9,11 -> 12,6
-0.0149 err 0.0002   7,2 -> 6,19
-0.0149 err 0.0002   7,17 -> 1,19
-0.0149 err 0.0002   8,1 -> 11,18
-0.0149 err 0.0002   8,15 -> 6,7
-0.0149 err 0.0002   8,3 -> 11,20
-0.0149 err 0.0002   2,17 -> 12,12
-0.0149 err 0.0002   8,13 -> 11,30
-0.0149 err 0.0002   2,15 -> 12,7
-0.0149 err 0.0002   2,17 -> 12,19
-0.0149 err 0.0002   8,12 -> 11,29
-0.0149 err 0.0002   13,13 -> 12,30
-0.0149 err 0.0002   8,17 -> 6,12
-0.0148 err 0.0002   7,1 -> 6,18
-0.0148 err 0.0002   2,2 -> 1,19
0.0148 err 0.0002   7,15 -> 6,8
-0.0148 err 0.0002   2,27 -> 1,12
-0.0148 err 0.0002   2,13 -> 1,30
-0.0148 err 0.0002   7,15 -> 1,7
0.0148 err 0.0002   8,15 -> 11,8
-0.0148 err 0.0002   13,3 -> 12,20
-0.0147 err 0.0002   13,17 -> 11,19
0.0147 err 0.0002   9,24 -> 12,19
-0.0147 err 0.0002   7,4 -> 6,21
-0.0147 err 0.0002   7,3 -> 6,20
0.0146 err 0.0002   3,24 -> 6,19
-0.0146 err 0.0002   8,17 -> 6,19
-0.0146 err 0.0002   7,20 -> 6,5
-0.0146 err 0.0002   13,1 -> 12,18
0.0146 err 0.0002   3,5 -> 6,0
-0.0146 err 0.0002   13,20 -> 12,5
-0.0145 err 0.0002   2,4 -> 1,21
-0.0145 err 0.0002   13,21 -> 11,13
-0.0145 err 0.0002   8,4 -> 11,21
0.0145 err 0.0002   14,24 -> 1,19
-0.0145 err 0.0002   13,0 -> 11,24
-0.0145 err 0.0002   2,1 -> 1,18
-0.0145 err 0.0002   7,0 -> 1,24
-0.0145 err 0.0002   2,0 -> 12,24
-0.0145 err 0.0002   2,20 -> 1,5
-0.0145 err 0.0002   2,25 -> 12,27
-0.0144 err 0.0002   7,21 -> 1,13
0.0144 err 0.0002   14,5 -> 1,0
-0.0144 err 0.0002   13,4 -> 12,21
-0.0144 err 0.0002   7,25 -> 1,27
-0.0144 err 0.0002   8,21 -> 6,13
-0.0143 err 0.0002   13,17 -> 11,12
-0.0143 err 0.0002   2,21 -> 12,13
0.0143 err 0.0002   4,5 -> 11,0
0.0143 err 0.0002   4,24 -> 11,19
0.0142 err 0.0002   14,4 -> 1,31
-0.0142 err 0.0002   8,0 -> 6,24
-0.0142 err 0.0002   8,25 -> 6,27
0.0142 err 0.0002   4,27 -> 11,22
0.0142 err 0.0002   9,5 -> 12,0
-0.0141 err 0.0002   8,3 -> 7,17
-0.0141 err 0.0002   13,25 -> 11,27
0.0141 err 0.0002   14,1 -> 1,28
0.0141 err 0.0002   9,10 -> 12,5
0.0140 err 0.0002   14,3 -> 1,30
-0.0140 err 0.0002   7,19 -> 6,4
-0.0140 err 0.0002   7,3 -> 2,17
-0.0140 err 0.0002   13,12 -> 11,14
0.0140 err 0.0002   14,27 -> 1,22
-0.0140 err 0.0002   2,19 -> 1,4
-0.0140 err 0.0002   13,19 -> 12,4
0.0139 err 0.0002   9,27 -> 12,22
0.0139 err 0.0002   8,17 -> 11,10
-0.0139 err 0.0002   8,19 -> 11,4
-0.0139 err 0.0002   8,12 -> 6,14
-0.0139 err 0.0002   13,23 -> 11,25
0.0139 err 0.0002   13,17 -> 12,10
0.0139 err 0.0002   9,3 -> 12,30
0.0139 err 0.0002   4,4 -> 11,31
0.0138 err 0.0002   3,1 -> 6,28
-0.0138 err 0.0002   2,12 -> 12,14
0.0138 err 0.0002   3,4 -> 6,31
0.0138 err 0.0002   7,17 -> 6,10
0.0138 err 0.0002   14,10 -> 1,5
0.0138 err 0.0002   9,1 -> 12,28
-0.0138 err 0.0002   13,3 -> 8,17
-0.0138 err 0.0002   7,12 -> 1,14
-0.0138 err 0.0002   8,23 -> 6,25
-0.0138 err 0.0002   2,3 -> 13,17
-0.0138 err 0.0002   2,30 -> 12,22
-0.0138 err 0.0002   8,30 -> 6,22
0.0138 err 0.0002   3,27 -> 6,22
-0.0138 err 0.0002   13,27 -> 8,9
-0.0138 err 0.0002   13,30 -> 11,22
0.0137 err 0.0002   4,1 -> 11,28
0.0137 err 0.0002   13,24 -> 12,17
0.0137 err 0.0002   3,10 -> 6,5
0.0137 err 0.0002   2,17 -> 1,10
0.0137 err 0.0002   9,4 -> 12,31
0.0137 err 0.0002   8,24 -> 11,17
-0.0137 err 0.0002   7,18 -> 1,20
0.0136 err 0.0002   7,24 -> 6,17
-0.0136 err 0.0002   2,18 -> 12,20
0.0136 err 0.0002   4,10 -> 11,5
0.0136 err 0.0002   4,3 -> 11,30
-0.0136 err 0.0002   2,23 -> 12,25
-0.0136 err 0.0002   7,23 -> 1,25
0.0136 err 0.0002   2,24 -> 1,17
-0.0135 err 0.0002   2,13 -> 12,8
0.0135 err 0.0002   13,16 -> 12,9
-0.0135 err 0.0002   2,27 -> 13,9
-0.0135 err 0.0002   13,16 -> 11,18
0.0135 err 0.0002   14,25 -> 1,20
-0.0135 err 0.0002   7,30 -> 1,22
-0.0135 err 0.0002   13,18 -> 11,20
0.0135 err 0.0002   3,3 -> 6,30
0.0135 err 0.0002   9,2 -> 12,29
-0.0135 err 0.0002   8,18 -> 6,20
-0.0135 err 0.0002   8,27 -> 7,9
-0.0134 err 0.0002   3,21 -> 6,15
0.0134 err 0.0002   3,2 -> 6,29
0.0134 err 0.0002   3,25 -> 6,20
-0.0134 err 0.0002   7,27 -> 2,9
-0.0134 err 0.0002   7,13 -> 1,8
0.0133 err 0.0002   9,25 -> 12,20
-0.0133 err 0.0002   8,13 -> 6,8
0.0133 err 0.0002   14,2 -> 1,29
-0.0133 err 0.0002   13,13 -> 11,8
0.0133 err 0.0002   4,25 -> 11,20
0.0133 err 0.0002   14,26 -> 1,21
0.0133 err 0.0002   8,16 -> 11,9
-0.0133 err 0.0002   8,16 -> 6,18
-0.0132 err 0.0002   2,16 -> 12,18
-0.0132 err 0.0002   13,5 -> 8,19
0.0132 err 0.0002   4,2 -> 11,29
-0.0131 err 0.0002   7,0 -> 1,2
-0.0131 err 0.0002   8,12 -> 6,7
-0.0131 err 0.0002   13,18 -> 11,10
-0.0131 err 0.0002   2,31 -> 13,10
-0.0131 err 0.0002   2,20 -> 12,15
-0.0131 err 0.0002   13,20 -> 11,15
-0.0130 err 0.0002   2,12 -> 12,7
-0.0130 err 0.0002   7,12 -> 1,7
0.0130 err 0.0002   3,26 -> 6,21
-0.0130 err 0.0002   2,18 -> 12,10
-0.0130 err 0.0002   7,16 -> 1,18
-0.0130 err 0.0002   13,12 -> 11,7
-0.0130 err 0.0002   13,31 -> 8,10
-0.0130 err 0.0002   8,20 -> 6,15
-0.0130 err 0.0002   9,21 -> 12,15
-0.0130 err 0.0002   7,5 -> 2,19
0.0130 err 0.0002   2,16 -> 1,9
0.0130 err 0.0002   4,26 -> 11,21
-0.0130 err 0.0002   13,0 -> 11,2
-0.0129 err 0.0002   7,31 -> 2,10
-0.0129 err 0.0002   14,21 -> 1,15
-0.0129 err 0.0002   2,0 -> 12,2
-0.0129 err 0.0002   8,18 -> 6,10
-0.0129 err 0.0002   8,0 -> 6,2
0.0129 err 0.0002   9,26 -> 12,21
-0.0129 err 0.0002   8,6 -> 7,20
0.0129 err 0.0002   7,16 -> 6,9
-0.0129 err 0.0002   8,5 -> 7,19
-0.0129 err 0.0002   2,5 -> 13,19
-0.0129 err 0.0002   8,31 -> 7,10
0.0128 err 0.0002   2,18 -> 1,11
-0.0128 err 0.0002   13,6 -> 8,20
-0.0128 err 0.0002   4,21 -> 11,15
-0.0128 err 0.0002   7,20 -> 1,15
0.0127 err 0.0002   7,18 -> 6,11
-0.0127 err 0.0002   8,21 -> 6,16
-0.0127 err 0.0002   2,6 -> 13,20
-0.0126 err 0.0002   7,18 -> 1,10
-0.0126 err 0.0002   7,6 -> 2,20
0.0126 err 0.0002   8,18 -> 11,11
0.0126 err 0.0002   13,18 -> 12,11
-0.0125 err 0.0002   8,21 -> 7,3
-0.0125 err 0.0002   13,21 -> 11,16
-0.0125 err 0.0002   2,21 -> 12,16
0.0124 err 0.0002   8,2 -> 11,27
-0.0123 err 0.0002   7,21 -> 2,3
-0.0123 err 0.0002   13,21 -> 8,3
-0.0123 err 0.0002   2,22 -> 12,17
-0.0123 err 0.0002   2,21 -> 13,3
-0.0122 err 0.0002   8,14 -> 6,9
-0.0122 err 0.0002   7,14 -> 1,9
-0.0121 err 0.0002   2,7 -> 12,9
-0.0121 err 0.0002   7,7 -> 1,9
-0.0121 err 0.0002   7,22 -> 1,17
-0.0121 err 0.0002   7,21 -> 1,16
-0.0121 err 0.0002   13,7 -> 11,9
-0.0121 err 0.0002   2,14 -> 12,9
-0.0121 err 0.0002   2,0 -> 12,27
0.0121 err 0.0002   13,2 -> 12,27
-0.0121 err 0.0002   8,15 -> 6,17
-0.0121 err 0.0002   13,14 -> 11,9
0.0121 err 0.0002   13,12 -> 12,5
-0.0120 err 0.0002   13,0 -> 11,27
0.0120 err 0.0002   7,2 -> 6,27
-0.0120 err 0.0002   8,7 -> 6,9
0.0119 err 0.0002   2,2 -> 1,27
-0.0119 err 0.0002   2,14 -> 12,16
-0.0119 err 0.0002   13,18 -> 8,10
-0.0119 err 0.0002   13,15 -> 11,17
-0.0118 err 0.0002   8,11 -> 6,13
0.0118 err 0.0002   7,1 -> 6,26
-0.0118 err 0.0002   13,14 -> 11,16
-0.0118 err 0.0002   13,22 -> 11,17
-0.0118 err 0.0002   8,14 -> 6,16
-0.0118 err 0.0002   7,30 -> 1,25
-0.0118 err 0.0002   13,30 -> 11,25
0.0118 err 0.0002   7,12 -> 6,5
0.0118 err 0.0002   8,12 -> 11,5
0.0118 err 0.0002   2,1 -> 1,26
-0.0118 err 0.0002   8,15 -> 6,10
-0.0118 err 0.0002   7,0 -> 1,27
0.0118 err 0.0002   13,1 -> 12,26
-0.0118 err 0.0002   2,18 -> 13,10
-0.0118 err 0.0002   2,30 -> 12,25
-0.0118 err 0.0002   7,11 -> 1,13
-0.0117 err 0.0002   2,15 -> 12,17
-0.0117 err 0.0002   8,22 -> 6,17
-0.0117 err 0.0002   13,11 -> 11,13
-0.0117 err 0.0002   2,15 -> 12,10
-0.0117 err 0.0002   7,18 -> 2,10
-0.0117 err 0.0002   13,15 -> 11,10
0.0117 err 0.0002   8,1 -> 11,26
0.0117 err 0.0002   2,12 -> 1,5
-0.0117 err 0.0002   7,22 -> 1,24
-0.0116 err 0.0002   8,0 -> 6,27
-0.0116 err 0.0002   2,11 -> 12,13
-0.0116 err 0.0002   7,15 -> 1,17
-0.0116 err 0.0002   8,30 -> 6,25
-0.0115 err 0.0002   7,14 -> 1,16
-0.0115 err 0.0002   8,18 -> 7,10
0.0115 err 0.0002   13,22 -> 12,15
0.0115 err 0.0002   8,22 -> 11,15
0.0115 err 0.0002   2,21 -> 1,14
0.0115 err 0.0002   8,21 -> 11,14
-0.0114 err 0.0002   7,15 -> 1,10
0.0114 err 0.0002   8,13 -> 11,6
0.0114 err 0.0002   7,20 -> 6,13
0.0113 err 0.0002   7,22 -> 6,15
-0.0113 err 0.0002   13,29 -> 11,31
0.0113 err 0.0002   2,22 -> 1,15
0.0113 err 0.0002   13,20 -> 12,13
0.0112 err 0.0002   13,21 -> 12,14
-0.0112 err 0.0002   2,23 -> 12,18
-0.0112 err 0.0002   7,23 -> 1,18
-0.0111 err 0.0002   7,10 -> 2,24
-0.0111 err 0.0002   2,10 -> 13,24
-0.0111 err 0.0002   2,29 -> 12,31
-0.0111 err 0.0002   8,10 -> 7,24
-0.0111 err 0.0002   8,29 -> 6,31
0.0111 err 0.0002   7,13 -> 6,6
-0.0111 err 0.0002   8,23 -> 6,18
-0.0111 err 0.0002   2,22 -> 12,24
0.0111 err 0.0002   8,20 -> 11,13
-0.0111 err 0.0002   8,0 -> 11,16
0.0111 err 0.0002   13,13 -> 12,6
-0.0110 err 0.0002   13,23 -> 11,18
-0.0110 err 0.0002   2,0 -> 1,16
0.0110 err 0.0002   7,21 -> 6,14
-0.0110 err 0.0002   13,8 -> 11,3
-0.0110 err 0.0002   7,29 -> 1,31
0.0110 err 0.0002   13,25 -> 12,18
-0.0110 err 0.0002   2,22 -> 13,4
-0.0109 err 0.0002   8,16 -> 6,11
0.0109 err 0.0002   2,25 -> 1,18
-0.0109 err 0.0002   13,0 -> 12,16
-0.0109 err 0.0002   7,0 -> 6,16
0.0109 err 0.0002   2,20 -> 1,13
-0.0109 err 0.0002   7,29 -> 1,24
0.0109 err 0.0002   7,0 -> 6,25
0.0109 err 0.0002   8,11 -> 11,4
0.0108 err 0.0002   8,0 -> 11,25
-0.0108 err 0.0002   13,29 -> 11,24
0.0108 err 0.0002   2,0 -> 1,25
0.0108 err 0.0002   7,25 -> 6,18
0.0108 err 0.0002   2,13 -> 1,6
-0.0108 err 0.0002   8,22 -> 7,4
-0.0108 err 0.0002   7,16 -> 1,11
0.0108 err 0.0002   13,11 -> 12,4
-0.0108 err 0.0002   2,29 -> 12,24
-0.0108 err 0.0002   2,27 -> 12,22
-0.0108 err 0.0002   13,22 -> 11,24
-0.0108 err 0.0002   8,8 -> 6,3
0.0107 err 0.0002   13,0 -> 12,25
0.0107 err 0.0002   8,25 -> 11,18
-0.0107 err 0.0002   8,21 -> 6,23
-0.0107 err 0.0002   8,29 -> 6,24
-0.0107 err 0.0002   7,8 -> 1,3
-0.0107 err 0.0002   13,22 -> 8,4
-0.0107 err 0.0002   8,4 -> 7,18
-0.0107 err 0.0002   8,22 -> 6,24
-0.0107 err 0.0002   13,10 -> 8,24
-0.0106 err 0.0002   8,7 -> 6,2
-0.0106 err 0.0002   13,16 -> 11,11
-0.0106 err 0.0002   2,16 -> 12,11
-0.0106 err 0.0002   8,27 -> 6,22
-0.0106 err 0.0002   7,11 -> 2,25
-0.0106 err 0.0002   7,4 -> 2,18
-0.0106 err 0.0002   2,4 -> 13,18
-0.0106 err 0.0002   2,21 -> 12,23
-0.0106 err 0.0002   13,4 -> 8,18
-0.0106 err 0.0002   7,22 -> 2,4
-0.0106 err 0.0002   13,27 -> 11,22
-0.0106 err 0.0002   7,21 -> 1,23
0.0106 err 0.0002   7,11 -> 6,4
-0.0105 err 0.0002   2,8 -> 12,3
0.0105 err 0.0002   2,11 -> 1,4
-0.0105 err 0.0002   8,11 -> 7,25
-0.0105 err 0.0002   7,24 -> 1,16
-0.0105 err 0.0002   2,13 -> 1,7
-0.0104 err 0.0002   2,7 -> 12,2
-0.0104 err 0.0002   7,27 -> 1,22
-0.0103 err 0.0002   7,7 -> 1,2
-0.0103 err 0.0002   13,11 -> 8,25
-0.0103 err 0.0002   8,28 -> 6,30
0.0103 err 0.0002   8,3 -> 11,28
-0.0103 err 0.0002   2,11 -> 13,25
-0.0103 err 0.0002   2,9 -> 12,1
-0.0103 err 0.0002   7,4 -> 1,6
-0.0103 err 0.0002   13,8 -> 11,10
-0.0102 err 0.0002   7,28 -> 1,30
-0.0102 err 0.0002   8,24 -> 6,16
0.0102 err 0.0002   2,3 -> 1,28
-0.0102 err 0.0002   13,7 -> 11,2
-0.0102 err 0.0002   2,8 -> 12,10
-0.0102 err 0.0002   8,9 -> 6,1
-0.0102 err 0.0002   13,21 -> 11,23
-0.0102 err 0.0002   13,4 -> 11,6
-0.0102 err 0.0002   2,6 -> 12,1
-0.0102 err 0.0002   8,6 -> 6,1
-0.0101 err 0.0002   8,13 -> 11,7
-0.0101 err 0.0002   13,24 -> 11,16
-0.0101 err 0.0002   7,13 -> 6,7
-0.0101 err 0.0002   7,8 -> 1,10
0.0101 err 0.0002   13,3 -> 12,28
-0.0101 err 0.0002   13,9 -> 11,1
-0.0101 err 0.0002   2,24 -> 12,16
-0.0101 err 0.0002   8,10 -> 6,5
-0.0101 err 0.0002   2,28 -> 12,30
0.0101 err 0.0002   7,29 -> 6,22
-0.0101 err 0.0002   9,31 -> 12,25
-0.0101 err 0.0002   2,2 -> 12,29
-0.0100 err 0.0002   13,24 -> 11,19
-0.0100 err 0.0002   8,24 -> 6,19
-0.0100 err 0.0002   2,24 -> 12,19
-0.0100 err 0.0002   2,1 -> 12,28
-0.0100 err 0.0002   2,4 -> 12,6
-0.0100 err 0.0002   8,8 -> 6,10
-0.0100 err 0.0002   13,13 -> 12,7
-0.0100 err 0.0002   7,1 -> 1,28
-0.0100 err 0.0002   13,6 -> 11,1
-0.0100 err 0.0002   8,2 -> 6,29
0.0100 err 0.0002   7,3 -> 6,28
